t 1 jV0100 
0 0 -0
0.001 0 -0
0.002 0 -0
0.003 0 -0
0.004 0 -0
0.005 0 -0
0.006 0 -0
0.007 0 -0
0.008 0 -0
0.009 0 -0
0.01 8.67362e-17 -8.67362e-17
0.011 0.05 -0.05
0.012 0.1 -0.1
0.013 0.15 -0.15
0.014 0.2 -0.2
0.015 0.25 -0.25
0.016 0.3 -0.3
0.017 0.35 -0.35
0.018 0.4 -0.4
0.019 0.45 -0.45
0.02 0.5 -0.5
0.021 0.55 -0.55
0.022 0.6 -0.6
0.023 0.65 -0.65
0.024 0.7 -0.7
0.025 0.75 -0.75
0.026 0.8 -0.8
0.027 0.85 -0.85
0.028 0.9 -0.9
0.029 0.95 -0.95
0.03 1 -1
0.031 1.05 -1.05
0.032 1.1 -1.1
0.033 1.15 -1.15
0.034 1.2 -1.2
0.035 1.25 -1.25
0.036 1.3 -1.3
0.037 1.35 -1.35
0.038 1.4 -1.4
0.039 1.45 -1.45
0.04 1.5 -1.5
0.041 1.55 -1.55
0.042 1.6 -1.6
0.043 1.65 -1.65
0.044 1.7 -1.7
0.045 1.75 -1.75
0.046 1.8 -1.8
0.047 1.85 -1.85
0.048 1.9 -1.9
0.049 1.95 -1.95
0.05 2 -2
0.051 2.05 -2.05
0.052 2.1 -2.1
0.053 2.15 -2.15
0.054 2.2 -2.2
0.055 2.25 -2.25
0.056 2.3 -2.3
0.057 2.35 -2.35
0.058 2.4 -2.4
0.059 2.45 -2.45
0.06 2.5 -2.5
0.061 2.55 -2.55
0.062 2.6 -2.6
0.063 2.65 -2.65
0.064 2.7 -2.7
0.065 2.75 -2.75
0.066 2.8 -2.8
0.067 2.85 -2.85
0.068 2.9 -2.9
0.069 2.95 -2.95
0.07 3 -3
0.071 3.05 -3.05
0.072 3.1 -3.1
0.073 3.15 -3.15
0.074 3.2 -3.2
0.075 3.25 -3.25
0.076 3.3 -3.3
0.077 3.35 -3.35
0.078 3.4 -3.4
0.079 3.45 -3.45
0.08 3.5 -3.5
0.081 3.55 -3.55
0.082 3.6 -3.6
0.083 3.65 -3.65
0.084 3.7 -3.7
0.085 3.75 -3.75
0.086 3.8 -3.8
0.087 3.85 -3.85
0.088 3.9 -3.9
0.089 3.95 -3.95
0.09 4 -4
0.091 4.05 -4.05
0.092 4.1 -4.1
0.093 4.15 -4.15
0.094 4.2 -4.2
0.095 4.25 -4.25
0.096 4.3 -4.3
0.097 4.35 -4.35
0.098 4.4 -4.4
0.099 4.45 -4.45
0.1 4.5 -4.5
0.101 4.55 -4.55
0.102 4.6 -4.6
0.103 4.65 -4.65
0.104 4.7 -4.7
0.105 4.75 -4.75
0.106 4.8 -4.8
0.107 4.85 -4.85
0.108 4.9 -4.9
0.109 4.95 -4.95
0.11 5 -5
0.111 0.04 -0.04
0.112 0.09 -0.09
0.113 0.14 -0.14
0.114 0.19 -0.19
0.115 0.24 -0.24
0.116 0.29 -0.29
0.117 0.34 -0.34
0.118 0.39 -0.39
0.119 0.44 -0.44
0.12 0.49 -0.49
0.121 0.54 -0.54
0.122 0.59 -0.59
0.123 0.64 -0.64
0.124 0.69 -0.69
0.125 0.74 -0.74
0.126 0.79 -0.79
0.127 0.84 -0.84
0.128 0.89 -0.89
0.129 0.94 -0.94
0.13 0.99 -0.99
0.131 1.04 -1.04
0.132 1.09 -1.09
0.133 1.14 -1.14
0.134 1.19 -1.19
0.135 1.24 -1.24
0.136 1.29 -1.29
0.137 1.34 -1.34
0.138 1.39 -1.39
0.139 1.44 -1.44
0.14 1.49 -1.49
0.141 1.54 -1.54
0.142 1.59 -1.59
0.143 1.64 -1.64
0.144 1.69 -1.69
0.145 1.74 -1.74
0.146 1.79 -1.79
0.147 1.84 -1.84
0.148 1.89 -1.89
0.149 1.94 -1.94
0.15 1.99 -1.99
0.151 2.04 -2.04
0.152 2.09 -2.09
0.153 2.14 -2.14
0.154 2.19 -2.19
0.155 2.24 -2.24
0.156 2.29 -2.29
0.157 2.34 -2.34
0.158 2.39 -2.39
0.159 2.44 -2.44
0.16 2.49 -2.49
0.161 2.54 -2.54
0.162 2.59 -2.59
0.163 2.64 -2.64
0.164 2.69 -2.69
0.165 2.74 -2.74
0.166 2.79 -2.79
0.167 2.84 -2.84
0.168 2.89 -2.89
0.169 2.94 -2.94
0.17 2.99 -2.99
0.171 3.04 -3.04
0.172 3.09 -3.09
0.173 3.14 -3.14
0.174 3.19 -3.19
0.175 3.24 -3.24
0.176 3.29 -3.29
0.177 3.34 -3.34
0.178 3.39 -3.39
0.179 3.44 -3.44
0.18 3.49 -3.49
0.181 3.54 -3.54
0.182 3.59 -3.59
0.183 3.64 -3.64
0.184 3.69 -3.69
0.185 3.74 -3.74
0.186 3.79 -3.79
0.187 3.84 -3.84
0.188 3.89 -3.89
0.189 3.94 -3.94
0.19 3.99 -3.99
0.191 4.04 -4.04
0.192 4.09 -4.09
0.193 4.14 -4.14
0.194 4.19 -4.19
0.195 4.24 -4.24
0.196 4.29 -4.29
0.197 4.34 -4.34
0.198 4.39 -4.39
0.199 4.44 -4.44
0.2 4.49 -4.49
0.201 4.54 -4.54
0.202 4.59 -4.59
0.203 4.64 -4.64
0.204 4.69 -4.69
0.205 4.74 -4.74
0.206 4.79 -4.79
0.207 4.84 -4.84
0.208 4.89 -4.89
0.209 4.94 -4.94
0.21 4.99 -4.99
0.211 0.03 -0.03
0.212 0.08 -0.08
0.213 0.13 -0.13
0.214 0.18 -0.18
0.215 0.23 -0.23
0.216 0.28 -0.28
0.217 0.33 -0.33
0.218 0.38 -0.38
0.219 0.43 -0.43
0.22 0.48 -0.48
0.221 0.53 -0.53
0.222 0.58 -0.58
0.223 0.63 -0.63
0.224 0.68 -0.68
0.225 0.73 -0.73
0.226 0.78 -0.78
0.227 0.83 -0.83
0.228 0.88 -0.88
0.229 0.93 -0.93
0.23 0.98 -0.98
0.231 1.03 -1.03
0.232 1.08 -1.08
0.233 1.13 -1.13
0.234 1.18 -1.18
0.235 1.23 -1.23
0.236 1.28 -1.28
0.237 1.33 -1.33
0.238 1.38 -1.38
0.239 1.43 -1.43
0.24 1.48 -1.48
0.241 1.53 -1.53
0.242 1.58 -1.58
0.243 1.63 -1.63
0.244 1.68 -1.68
0.245 1.73 -1.73
0.246 1.78 -1.78
0.247 1.83 -1.83
0.248 1.88 -1.88
0.249 1.93 -1.93
0.25 1.98 -1.98
0.251 2.03 -2.03
0.252 2.08 -2.08
0.253 2.13 -2.13
0.254 2.18 -2.18
0.255 2.23 -2.23
0.256 2.28 -2.28
0.257 2.33 -2.33
0.258 2.38 -2.38
0.259 2.43 -2.43
0.26 2.48 -2.48
0.261 2.53 -2.53
0.262 2.58 -2.58
0.263 2.63 -2.63
0.264 2.68 -2.68
0.265 2.73 -2.73
0.266 2.78 -2.78
0.267 2.83 -2.83
0.268 2.88 -2.88
0.269 2.93 -2.93
0.27 2.98 -2.98
0.271 3.03 -3.03
0.272 3.08 -3.08
0.273 3.13 -3.13
0.274 3.18 -3.18
0.275 3.23 -3.23
0.276 3.28 -3.28
0.277 3.33 -3.33
0.278 3.38 -3.38
0.279 3.43 -3.43
0.28 3.48 -3.48
0.281 3.53 -3.53
0.282 3.58 -3.58
0.283 3.63 -3.63
0.284 3.68 -3.68
0.285 3.73 -3.73
0.286 3.78 -3.78
0.287 3.83 -3.83
0.288 3.88 -3.88
0.289 3.93 -3.93
0.29 3.98 -3.98
0.291 4.03 -4.03
0.292 4.08 -4.08
0.293 4.13 -4.13
0.294 4.18 -4.18
0.295 4.23 -4.23
0.296 4.28 -4.28
0.297 4.33 -4.33
0.298 4.38 -4.38
0.299 4.43 -4.43
0.3 4.48 -4.48
0.301 4.53 -4.53
0.302 4.58 -4.58
0.303 4.63 -4.63
0.304 4.68 -4.68
0.305 4.73 -4.73
0.306 4.78 -4.78
0.307 4.83 -4.83
0.308 4.88 -4.88
0.309 4.93 -4.93
0.31 4.98 -4.98
0.311 0.02 -0.02
0.312 0.07 -0.07
0.313 0.12 -0.12
0.314 0.17 -0.17
0.315 0.22 -0.22
0.316 0.27 -0.27
0.317 0.32 -0.32
0.318 0.37 -0.37
0.319 0.42 -0.42
0.32 0.47 -0.47
0.321 0.52 -0.52
0.322 0.57 -0.57
0.323 0.62 -0.62
0.324 0.67 -0.67
0.325 0.72 -0.72
0.326 0.77 -0.77
0.327 0.82 -0.82
0.328 0.87 -0.87
0.329 0.92 -0.92
0.33 0.97 -0.97
0.331 1.02 -1.02
0.332 1.07 -1.07
0.333 1.12 -1.12
0.334 1.17 -1.17
0.335 1.22 -1.22
0.336 1.27 -1.27
0.337 1.32 -1.32
0.338 1.37 -1.37
0.339 1.42 -1.42
0.34 1.47 -1.47
0.341 1.52 -1.52
0.342 1.57 -1.57
0.343 1.62 -1.62
0.344 1.67 -1.67
0.345 1.72 -1.72
0.346 1.77 -1.77
0.347 1.82 -1.82
0.348 1.87 -1.87
0.349 1.92 -1.92
0.35 1.97 -1.97
0.351 2.02 -2.02
0.352 2.07 -2.07
0.353 2.12 -2.12
0.354 2.17 -2.17
0.355 2.22 -2.22
0.356 2.27 -2.27
0.357 2.32 -2.32
0.358 2.37 -2.37
0.359 2.42 -2.42
0.36 2.47 -2.47
0.361 2.52 -2.52
0.362 2.57 -2.57
0.363 2.62 -2.62
0.364 2.67 -2.67
0.365 2.72 -2.72
0.366 2.77 -2.77
0.367 2.82 -2.82
0.368 2.87 -2.87
0.369 2.92 -2.92
0.37 2.97 -2.97
0.371 3.02 -3.02
0.372 3.07 -3.07
0.373 3.12 -3.12
0.374 3.17 -3.17
0.375 3.22 -3.22
0.376 3.27 -3.27
0.377 3.32 -3.32
0.378 3.37 -3.37
0.379 3.42 -3.42
0.38 3.47 -3.47
0.381 3.52 -3.52
0.382 3.57 -3.57
0.383 3.62 -3.62
0.384 3.67 -3.67
0.385 3.72 -3.72
0.386 3.77 -3.77
0.387 3.82 -3.82
0.388 3.87 -3.87
0.389 3.92 -3.92
0.39 3.97 -3.97
0.391 4.02 -4.02
0.392 4.07 -4.07
0.393 4.12 -4.12
0.394 4.17 -4.17
0.395 4.22 -4.22
0.396 4.27 -4.27
0.397 4.32 -4.32
0.398 4.37 -4.37
0.399 4.42 -4.42
0.4 4.47 -4.47
0.401 4.52 -4.52
0.402 4.57 -4.57
0.403 4.62 -4.62
0.404 4.67 -4.67
0.405 4.72 -4.72
0.406 4.77 -4.77
0.407 4.82 -4.82
0.408 4.87 -4.87
0.409 4.92 -4.92
0.41 4.97 -4.97
0.411 0.01 -0.01
0.412 0.06 -0.06
0.413 0.11 -0.11
0.414 0.16 -0.16
0.415 0.21 -0.21
0.416 0.26 -0.26
0.417 0.31 -0.31
0.418 0.36 -0.36
0.419 0.41 -0.41
0.42 0.46 -0.46
0.421 0.51 -0.51
0.422 0.56 -0.56
0.423 0.61 -0.61
0.424 0.66 -0.66
0.425 0.71 -0.71
0.426 0.76 -0.76
0.427 0.81 -0.81
0.428 0.86 -0.86
0.429 0.91 -0.91
0.43 0.96 -0.96
0.431 1.01 -1.01
0.432 1.06 -1.06
0.433 1.11 -1.11
0.434 1.16 -1.16
0.435 1.21 -1.21
0.436 1.26 -1.26
0.437 1.31 -1.31
0.438 1.36 -1.36
0.439 1.41 -1.41
0.44 1.46 -1.46
0.441 1.51 -1.51
0.442 1.56 -1.56
0.443 1.61 -1.61
0.444 1.66 -1.66
0.445 1.71 -1.71
0.446 1.76 -1.76
0.447 1.81 -1.81
0.448 1.86 -1.86
0.449 1.91 -1.91
0.45 1.96 -1.96
0.451 2.01 -2.01
0.452 2.06 -2.06
0.453 2.11 -2.11
0.454 2.16 -2.16
0.455 2.21 -2.21
0.456 2.26 -2.26
0.457 2.31 -2.31
0.458 2.36 -2.36
0.459 2.41 -2.41
0.46 2.46 -2.46
0.461 2.51 -2.51
0.462 2.56 -2.56
0.463 2.61 -2.61
0.464 2.66 -2.66
0.465 2.71 -2.71
0.466 2.76 -2.76
0.467 2.81 -2.81
0.468 2.86 -2.86
0.469 2.91 -2.91
0.47 2.96 -2.96
0.471 3.01 -3.01
0.472 3.06 -3.06
0.473 3.11 -3.11
0.474 3.16 -3.16
0.475 3.21 -3.21
0.476 3.26 -3.26
0.477 3.31 -3.31
0.478 3.36 -3.36
0.479 3.41 -3.41
0.48 3.46 -3.46
0.481 3.51 -3.51
0.482 3.56 -3.56
0.483 3.61 -3.61
0.484 3.66 -3.66
0.485 3.71 -3.71
0.486 3.76 -3.76
0.487 3.81 -3.81
0.488 3.86 -3.86
0.489 3.91 -3.91
0.49 3.96 -3.96
0.491 4.01 -4.01
0.492 4.06 -4.06
0.493 4.11 -4.11
0.494 4.16 -4.16
0.495 4.21 -4.21
0.496 4.26 -4.26
0.497 4.31 -4.31
0.498 4.36 -4.36
0.499 4.41 -4.41
0.5 4.46 -4.46
0.501 4.51 -4.51
0.502 4.56 -4.56
0.503 4.61 -4.61
0.504 4.66 -4.66
0.505 4.71 -4.71
0.506 4.76 -4.76
0.507 4.81 -4.81
0.508 4.86 -4.86
0.509 4.91 -4.91
0.51 4.96 -4.96
0.511 0 -0
0.512 0 -0
0.513 0 -0
0.514 0 -0
0.515 0 -0
0.516 0 -0
0.517 0 -0
0.518 0 -0
0.519 0 -0
0.52 0 -0
0.521 0 -0
0.522 0 -0
0.523 0 -0
0.524 0 -0
0.525 0 -0
0.526 0 -0
0.527 0 -0
0.528 0 -0
0.529 0 -0
0.53 0 -0
0.531 0 -0
0.532 0 -0
0.533 0 -0
0.534 0 -0
0.535 0 -0
0.536 0 -0
0.537 0 -0
0.538 0 -0
0.539 0 -0
0.54 0 -0
0.541 0 -0
0.542 0 -0
0.543 0 -0
0.544 0 -0
0.545 0 -0
0.546 0 -0
0.547 0 -0
0.548 0 -0
0.549 0 -0
0.55 0 -0
0.551 0 -0
0.552 0 -0
0.553 0 -0
0.554 0 -0
0.555 0 -0
0.556 0 -0
0.557 0 -0
0.558 0 -0
0.559 0 -0
0.56 0 -0
0.561 0 -0
0.562 0 -0
0.563 0 -0
0.564 0 -0
0.565 0 -0
0.566 0 -0
0.567 0 -0
0.568 0 -0
0.569 0 -0
0.57 0 -0
0.571 0 -0
0.572 0 -0
0.573 0 -0
0.574 0 -0
0.575 0 -0
0.576 0 -0
0.577 0 -0
0.578 0 -0
0.579 0 -0
0.58 0 -0
0.581 0 -0
0.582 0 -0
0.583 0 -0
0.584 0 -0
0.585 0 -0
0.586 0 -0
0.587 0 -0
0.588 0 -0
0.589 0 -0
0.59 0 -0
0.591 0 -0
0.592 0 -0
0.593 0 -0
0.594 0 -0
0.595 0 -0
0.596 0 -0
0.597 0 -0
0.598 0 -0
0.599 0 -0
0.6 0 -0
0.601 0 -0
0.602 0 -0
0.603 0 -0
0.604 0 -0
0.605 0 -0
0.606 0 -0
0.607 0 -0
0.608 0 -0
0.609 0 -0
0.61 0 -0
0.611 0 -0
0.612 0 -0
0.613 0 -0
0.614 0 -0
0.615 0 -0
0.616 0 -0
0.617 0 -0
0.618 0 -0
0.619 0 -0
0.62 0 -0
0.621 0 -0
0.622 0 -0
0.623 0 -0
0.624 0 -0
0.625 0 -0
0.626 0 -0
0.627 0 -0
0.628 0 -0
0.629 0 -0
0.63 0 -0
0.631 0 -0
0.632 0 -0
0.633 0 -0
0.634 0 -0
0.635 0 -0
0.636 0 -0
0.637 0 -0
0.638 0 -0
0.639 0 -0
0.64 0 -0
0.641 0 -0
0.642 0 -0
0.643 0 -0
0.644 0 -0
0.645 0 -0
0.646 0 -0
0.647 0 -0
0.648 0 -0
0.649 0 -0
0.65 0 -0
0.651 0 -0
0.652 0 -0
0.653 0 -0
0.654 0 -0
0.655 0 -0
0.656 0 -0
0.657 0 -0
0.658 0 -0
0.659 0 -0
0.66 0 -0
0.661 0 -0
0.662 0 -0
0.663 0 -0
0.664 0 -0
0.665 0 -0
0.666 0 -0
0.667 0 -0
0.668 0 -0
0.669 0 -0
0.67 0 -0
0.671 0 -0
0.672 0 -0
0.673 0 -0
0.674 0 -0
0.675 0 -0
0.676 0 -0
0.677 0 -0
0.678 0 -0
0.679 0 -0
0.68 0 -0
0.681 0 -0
0.682 0 -0
0.683 0 -0
0.684 0 -0
0.685 0 -0
0.686 0 -0
0.687 0 -0
0.688 0 -0
0.689 0 -0
0.69 0 -0
0.691 0 -0
0.692 0 -0
0.693 0 -0
0.694 0 -0
0.695 0 -0
0.696 0 -0
0.697 0 -0
0.698 0 -0
0.699 0 -0
0.7 0 -0
0.701 0 -0
0.702 0 -0
0.703 0 -0
0.704 0 -0
0.705 0 -0
0.706 0 -0
0.707 0 -0
0.708 0 -0
0.709 0 -0
0.71 0 -0
0.711 0 -0
0.712 0 -0
0.713 0 -0
0.714 0 -0
0.715 0 -0
0.716 0 -0
0.717 0 -0
0.718 0 -0
0.719 0 -0
0.72 0 -0
0.721 0 -0
0.722 0 -0
0.723 0 -0
0.724 0 -0
0.725 0 -0
0.726 0 -0
0.727 0 -0
0.728 0 -0
0.729 0 -0
0.73 0 -0
0.731 0 -0
0.732 0 -0
0.733 0 -0
0.734 0 -0
0.735 0 -0
0.736 0 -0
0.737 0 -0
0.738 0 -0
0.739 0 -0
0.74 0 -0
0.741 0 -0
0.742 0 -0
0.743 0 -0
0.744 0 -0
0.745 0 -0
0.746 0 -0
0.747 0 -0
0.748 0 -0
0.749 0 -0
0.75 0 -0
0.751 0 -0
0.752 0 -0
0.753 0 -0
0.754 0 -0
0.755 0 -0
0.756 0 -0
0.757 0 -0
0.758 0 -0
0.759 0 -0
0.76 0 -0
0.761 0 -0
0.762 0 -0
0.763 0 -0
0.764 0 -0
0.765 0 -0
0.766 0 -0
0.767 0 -0
0.768 0 -0
0.769 0 -0
0.77 0 -0
0.771 0 -0
0.772 0 -0
0.773 0 -0
0.774 0 -0
0.775 0 -0
0.776 0 -0
0.777 0 -0
0.778 0 -0
0.779 0 -0
0.78 0 -0
0.781 0 -0
0.782 0 -0
0.783 0 -0
0.784 0 -0
0.785 0 -0
0.786 0 -0
0.787 0 -0
0.788 0 -0
0.789 0 -0
0.79 0 -0
0.791 0 -0
0.792 0 -0
0.793 0 -0
0.794 0 -0
0.795 0 -0
0.796 0 -0
0.797 0 -0
0.798 0 -0
0.799 0 -0
0.8 0 -0
0.801 0 -0
0.802 0 -0
0.803 0 -0
0.804 0 -0
0.805 0 -0
0.806 0 -0
0.807 0 -0
0.808 0 -0
0.809 0 -0
0.81 0 -0
0.811 0 -0
0.812 0 -0
0.813 0 -0
0.814 0 -0
0.815 0 -0
0.816 0 -0
0.817 0 -0
0.818 0 -0
0.819 0 -0
0.82 0 -0
0.821 0 -0
0.822 0 -0
0.823 0 -0
0.824 0 -0
0.825 0 -0
0.826 0 -0
0.827 0 -0
0.828 0 -0
0.829 0 -0
0.83 0 -0
0.831 0 -0
0.832 0 -0
0.833 0 -0
0.834 0 -0
0.835 0 -0
0.836 0 -0
0.837 0 -0
0.838 0 -0
0.839 0 -0
0.84 0 -0
0.841 0 -0
0.842 0 -0
0.843 0 -0
0.844 0 -0
0.845 0 -0
0.846 0 -0
0.847 0 -0
0.848 0 -0
0.849 0 -0
0.85 0 -0
0.851 0 -0
0.852 0 -0
0.853 0 -0
0.854 0 -0
0.855 0 -0
0.856 0 -0
0.857 0 -0
0.858 0 -0
0.859 0 -0
0.86 0 -0
0.861 0 -0
0.862 0 -0
0.863 0 -0
0.864 0 -0
0.865 0 -0
0.866 0 -0
0.867 0 -0
0.868 0 -0
0.869 0 -0
0.87 0 -0
0.871 0 -0
0.872 0 -0
0.873 0 -0
0.874 0 -0
0.875 0 -0
0.876 0 -0
0.877 0 -0
0.878 0 -0
0.879 0 -0
0.88 0 -0
0.881 0 -0
0.882 0 -0
0.883 0 -0
0.884 0 -0
0.885 0 -0
0.886 0 -0
0.887 0 -0
0.888 0 -0
0.889 0 -0
0.89 0 -0
0.891 0 -0
0.892 0 -0
0.893 0 -0
0.894 0 -0
0.895 0 -0
0.896 0 -0
0.897 0 -0
0.898 0 -0
0.899 0 -0
0.9 0 -0
0.901 0 -0
0.902 0 -0
0.903 0 -0
0.904 0 -0
0.905 0 -0
0.906 0 -0
0.907 0 -0
0.908 0 -0
0.909 0 -0
0.91 0 -0
0.911 0 -0
0.912 0 -0
0.913 0 -0
0.914 0 -0
0.915 0 -0
0.916 0 -0
0.917 0 -0
0.918 0 -0
0.919 0 -0
0.92 0 -0
0.921 0 -0
0.922 0 -0
0.923 0 -0
0.924 0 -0
0.925 0 -0
0.926 0 -0
0.927 0 -0
0.928 0 -0
0.929 0 -0
0.93 0 -0
0.931 0 -0
0.932 0 -0
0.933 0 -0
0.934 0 -0
0.935 0 -0
0.936 0 -0
0.937 0 -0
0.938 0 -0
0.939 0 -0
0.94 0 -0
0.941 0 -0
0.942 0 -0
0.943 0 -0
0.944 0 -0
0.945 0 -0
0.946 0 -0
0.947 0 -0
0.948 0 -0
0.949 0 -0
0.95 0 -0
0.951 0 -0
0.952 0 -0
0.953 0 -0
0.954 0 -0
0.955 0 -0
0.956 0 -0
0.957 0 -0
0.958 0 -0
0.959 0 -0
0.96 0 -0
0.961 0 -0
0.962 0 -0
0.963 0 -0
0.964 0 -0
0.965 0 -0
0.966 0 -0
0.967 0 -0
0.968 0 -0
0.969 0 -0
0.97 0 -0
0.971 0 -0
0.972 0 -0
0.973 0 -0
0.974 0 -0
0.975 0 -0
0.976 0 -0
0.977 0 -0
0.978 0 -0
0.979 0 -0
0.98 0 -0
0.981 0 -0
0.982 0 -0
0.983 0 -0
0.984 0 -0
0.985 0 -0
0.986 0 -0
0.987 0 -0
0.988 0 -0
0.989 0 -0
0.99 0 -0
0.991 0 -0
0.992 0 -0
0.993 0 -0
0.994 0 -0
0.995 0 -0
0.996 0 -0
0.997 0 -0
0.998 0 -0
0.999 0 -0
1 0 -0
