t 1 2 3 4 5 jV0100 jO1 jO2 
0 10 10 10 20 10 -6.8e+07 -0.002 0.001
1e-05 10 -1e-08 10 20 10 -0.001 -0.002 0.002
2e-05 10 -10 10 20 10 -0.002 -0.002 0.003
3e-05 10 -20 10 20 10 -0.003 -0.002 0.004
4e-05 10 -30 10 20 10 -0.004 -0.002 0.005
5e-05 10 -40 10 20 10 -0.005 -0.002 0.006
6e-05 10 -50 10 20 10 -0.006 -0.002 0.007
7e-05 10 -60 10 20 10 -0.007 -0.002 0.008
8e-05 10 -70 10 20 10 -0.008 -0.002 0.009
9e-05 10 -80 10 20 10 -0.009 -0.002 0.01
0.0001 10 -90 10 20 10 -0.01 -0.002 0.011
0.00011 10 -100 10 20 10 -0.011 -0.002 0.012
0.00012 10 -110 10 20 10 -0.012 -0.002 0.013
0.00013 10 -120 10 20 10 -0.013 -0.002 0.014
0.00014 10 -130 10 20 10 -0.014 -0.002 0.015
0.00015 10 -140 10 20 10 -0.015 -0.002 0.016
0.00016 10 -150 10 20 10 -0.016 -0.002 0.017
0.00017 10 -160 10 20 10 -0.017 -0.002 0.018
0.00018 10 -170 10 20 10 -0.018 -0.002 0.019
0.00019 10 -180 10 20 10 -0.019 -0.002 0.02
0.0002 10 -190 10 20 10 -0.02 -0.002 0.021
0.00021 10 -200 10 20 10 -0.021 -0.002 0.022
0.00022 10 -210 10 20 10 -0.022 -0.002 0.023
0.00023 10 -220 10 20 10 -0.023 -0.002 0.024
0.00024 10 -230 10 20 10 -0.024 -0.002 0.025
0.00025 10 -240 10 20 10 -0.025 -0.002 0.026
0.00026 10 -250 10 20 10 -0.026 -0.002 0.027
0.00027 10 -260 10 20 10 -0.027 -0.002 0.028
0.00028 10 -270 10 20 10 -0.028 -0.002 0.029
0.00029 10 -280 10 20 10 -0.029 -0.002 0.03
0.0003 10 -290 10 20 10 -0.03 -0.002 0.031
0.00031 10 -300 10 20 10 -0.031 -0.002 0.032
0.00032 10 -310 10 20 10 -0.032 -0.002 0.033
0.00033 10 -320 10 20 10 -0.033 -0.002 0.034
0.00034 10 -330 10 20 10 -0.034 -0.002 0.035
0.00035 10 -340 10 20 10 -0.035 -0.002 0.036
0.00036 10 -350 10 20 10 -0.036 -0.002 0.037
0.00037 10 -360 10 20 10 -0.037 -0.002 0.038
0.00038 10 -370 10 20 10 -0.038 -0.002 0.039
0.00039 10 -380 10 20 10 -0.039 -0.002 0.04
0.0004 10 -390 10 20 10 -0.04 -0.002 0.041
0.00041 10 -400 10 20 10 -0.041 -0.002 0.042
0.00042 10 -410 10 20 10 -0.042 -0.002 0.043
0.00043 10 -420 10 20 10 -0.043 -0.002 0.044
0.00044 10 -430 10 20 10 -0.044 -0.002 0.045
0.00045 10 -440 10 20 10 -0.045 -0.002 0.046
0.00046 10 -450 10 20 10 -0.046 -0.002 0.047
0.00047 10 -460 10 20 10 -0.047 -0.002 0.048
0.00048 10 -470 10 20 10 -0.048 -0.002 0.049
0.00049 10 -480 10 20 10 -0.049 -0.002 0.05
0.0005 10 -490 10 20 10 -0.05 -0.002 0.051
0.00051 10 -500 10 20 10 -0.051 -0.002 0.052
0.00052 10 -510 10 20 10 -0.052 -0.002 0.053
0.00053 10 -520 10 20 10 -0.053 -0.002 0.054
0.00054 10 -530 10 20 10 -0.054 -0.002 0.055
0.00055 10 -540 10 20 10 -0.055 -0.002 0.056
0.00056 10 -550 10 20 10 -0.056 -0.002 0.057
0.00057 10 -560 10 20 10 -0.057 -0.002 0.058
0.00058 10 -570 10 20 10 -0.058 -0.002 0.059
0.00059 10 -580 10 20 10 -0.059 -0.002 0.06
0.0006 10 -590 10 20 10 -0.06 -0.002 0.061
0.00061 10 -600 10 20 10 -0.061 -0.002 0.062
0.00062 10 -610 10 20 10 -0.062 -0.002 0.063
0.00063 10 -620 10 20 10 -0.063 -0.002 0.064
0.00064 10 -630 10 20 10 -0.064 -0.002 0.065
0.00065 10 -640 10 20 10 -0.065 -0.002 0.066
0.00066 10 -650 10 20 10 -0.066 -0.002 0.067
0.00067 10 -660 10 20 10 -0.067 -0.002 0.068
0.00068 10 -670 10 20 10 -0.068 -0.002 0.069
0.00069 10 -680 10 20 10 -0.069 -0.002 0.07
0.0007 10 -690 10 20 10 -0.07 -0.002 0.071
0.00071 10 -700 10 20 10 -0.071 -0.002 0.072
0.00072 10 -710 10 20 10 -0.072 -0.002 0.073
0.00073 10 -720 10 20 10 -0.073 -0.002 0.074
0.00074 10 -730 10 20 10 -0.074 -0.002 0.075
0.00075 10 -740 10 20 10 -0.075 -0.002 0.076
0.00076 10 -750 10 20 10 -0.076 -0.002 0.077
0.00077 10 -760 10 20 10 -0.077 -0.002 0.078
0.00078 10 -770 10 20 10 -0.078 -0.002 0.079
0.00079 10 -780 10 20 10 -0.079 -0.002 0.08
0.0008 10 -790 10 20 10 -0.08 -0.002 0.081
0.00081 10 -800 10 20 10 -0.081 -0.002 0.082
0.00082 10 -810 10 20 10 -0.082 -0.002 0.083
0.00083 10 -820 10 20 10 -0.083 -0.002 0.084
0.00084 10 -830 10 20 10 -0.084 -0.002 0.085
0.00085 10 -840 10 20 10 -0.085 -0.002 0.086
0.00086 10 -850 10 20 10 -0.086 -0.002 0.087
0.00087 10 -860 10 20 10 -0.087 -0.002 0.088
0.00088 10 -870 10 20 10 -0.088 -0.002 0.089
0.00089 10 -880 10 20 10 -0.089 -0.002 0.09
0.0009 10 -890 10 20 10 -0.09 -0.002 0.091
0.00091 10 -900 10 20 10 -0.091 -0.002 0.092
0.00092 10 -910 10 20 10 -0.092 -0.002 0.093
0.00093 10 -920 10 20 10 -0.093 -0.002 0.094
0.00094 10 -930 10 20 10 -0.094 -0.002 0.095
0.00095 10 -940 10 20 10 -0.095 -0.002 0.096
0.00096 10 -950 10 20 10 -0.096 -0.002 0.097
0.00097 10 -960 10 20 10 -0.097 -0.002 0.098
0.00098 10 -970 10 20 10 -0.098 -0.002 0.099
0.00099 10 -980 10 20 10 -0.099 -0.002 0.1
0.001 10 -990 10 20 10 -0.1 -0.002 0.101
0.00101 10 -1000 10 20 10 -0.101 -0.002 0.102
0.00102 10 -1010 10 20 10 -0.102 -0.002 0.103
0.00103 10 -1020 10 20 10 -0.103 -0.002 0.104
0.00104 10 -1030 10 20 10 -0.104 -0.002 0.105
0.00105 10 -1040 10 20 10 -0.105 -0.002 0.106
0.00106 10 -1050 10 20 10 -0.106 -0.002 0.107
0.00107 10 -1060 10 20 10 -0.107 -0.002 0.108
0.00108 10 -1070 10 20 10 -0.108 -0.002 0.109
0.00109 10 -1080 10 20 10 -0.109 -0.002 0.11
0.0011 10 -1090 10 20 10 -0.11 -0.002 0.111
0.00111 10 -1100 10 20 10 -0.111 -0.002 0.112
0.00112 10 -1110 10 20 10 -0.112 -0.002 0.113
0.00113 10 -1120 10 20 10 -0.113 -0.002 0.114
0.00114 10 -1130 10 20 10 -0.114 -0.002 0.115
0.00115 10 -1140 10 20 10 -0.115 -0.002 0.116
0.00116 10 -1150 10 20 10 -0.116 -0.002 0.117
0.00117 10 -1160 10 20 10 -0.117 -0.002 0.118
0.00118 10 -1170 10 20 10 -0.118 -0.002 0.119
0.00119 10 -1180 10 20 10 -0.119 -0.002 0.12
0.0012 10 -1190 10 20 10 -0.12 -0.002 0.121
0.00121 10 -1200 10 20 10 -0.121 -0.002 0.122
0.00122 10 -1210 10 20 10 -0.122 -0.002 0.123
0.00123 10 -1220 10 20 10 -0.123 -0.002 0.124
0.00124 10 -1230 10 20 10 -0.124 -0.002 0.125
0.00125 10 -1240 10 20 10 -0.125 -0.002 0.126
0.00126 10 -1250 10 20 10 -0.126 -0.002 0.127
0.00127 10 -1260 10 20 10 -0.127 -0.002 0.128
0.00128 10 -1270 10 20 10 -0.128 -0.002 0.129
0.00129 10 -1280 10 20 10 -0.129 -0.002 0.13
0.0013 10 -1290 10 20 10 -0.13 -0.002 0.131
0.00131 10 -1300 10 20 10 -0.131 -0.002 0.132
0.00132 10 -1310 10 20 10 -0.132 -0.002 0.133
0.00133 10 -1320 10 20 10 -0.133 -0.002 0.134
0.00134 10 -1330 10 20 10 -0.134 -0.002 0.135
0.00135 10 -1340 10 20 10 -0.135 -0.002 0.136
0.00136 10 -1350 10 20 10 -0.136 -0.002 0.137
0.00137 10 -1360 10 20 10 -0.137 -0.002 0.138
0.00138 10 -1370 10 20 10 -0.138 -0.002 0.139
0.00139 10 -1380 10 20 10 -0.139 -0.002 0.14
0.0014 10 -1390 10 20 10 -0.14 -0.002 0.141
0.00141 10 -1400 10 20 10 -0.141 -0.002 0.142
0.00142 10 -1410 10 20 10 -0.142 -0.002 0.143
0.00143 10 -1420 10 20 10 -0.143 -0.002 0.144
0.00144 10 -1430 10 20 10 -0.144 -0.002 0.145
0.00145 10 -1440 10 20 10 -0.145 -0.002 0.146
0.00146 10 -1450 10 20 10 -0.146 -0.002 0.147
0.00147 10 -1460 10 20 10 -0.147 -0.002 0.148
0.00148 10 -1470 10 20 10 -0.148 -0.002 0.149
0.00149 10 -1480 10 20 10 -0.149 -0.002 0.15
0.0015 10 -1490 10 20 10 -0.15 -0.002 0.151
0.00151 10 -1500 10 20 10 -0.151 -0.002 0.152
0.00152 10 -1510 10 20 10 -0.152 -0.002 0.153
0.00153 10 -1520 10 20 10 -0.153 -0.002 0.154
0.00154 10 -1530 10 20 10 -0.154 -0.002 0.155
0.00155 10 -1540 10 20 10 -0.155 -0.002 0.156
0.00156 10 -1550 10 20 10 -0.156 -0.002 0.157
0.00157 10 -1560 10 20 10 -0.157 -0.002 0.158
0.00158 10 -1570 10 20 10 -0.158 -0.002 0.159
0.00159 10 -1580 10 20 10 -0.159 -0.002 0.16
0.0016 10 -1590 10 20 10 -0.16 -0.002 0.161
0.00161 10 -1600 10 20 10 -0.161 -0.002 0.162
0.00162 10 -1610 10 20 10 -0.162 -0.002 0.163
0.00163 10 -1620 10 20 10 -0.163 -0.002 0.164
0.00164 10 -1630 10 20 10 -0.164 -0.002 0.165
0.00165 10 -1640 10 20 10 -0.165 -0.002 0.166
0.00166 10 -1650 10 20 10 -0.166 -0.002 0.167
0.00167 10 -1660 10 20 10 -0.167 -0.002 0.168
0.00168 10 -1670 10 20 10 -0.168 -0.002 0.169
0.00169 10 -1680 10 20 10 -0.169 -0.002 0.17
0.0017 10 -1690 10 20 10 -0.17 -0.002 0.171
0.00171 10 -1700 10 20 10 -0.171 -0.002 0.172
0.00172 10 -1710 10 20 10 -0.172 -0.002 0.173
0.00173 10 -1720 10 20 10 -0.173 -0.002 0.174
0.00174 10 -1730 10 20 10 -0.174 -0.002 0.175
0.00175 10 -1740 10 20 10 -0.175 -0.002 0.176
0.00176 10 -1750 10 20 10 -0.176 -0.002 0.177
0.00177 10 -1760 10 20 10 -0.177 -0.002 0.178
0.00178 10 -1770 10 20 10 -0.178 -0.002 0.179
0.00179 10 -1780 10 20 10 -0.179 -0.002 0.18
0.0018 10 -1790 10 20 10 -0.18 -0.002 0.181
0.00181 10 -1800 10 20 10 -0.181 -0.002 0.182
0.00182 10 -1810 10 20 10 -0.182 -0.002 0.183
0.00183 10 -1820 10 20 10 -0.183 -0.002 0.184
0.00184 10 -1830 10 20 10 -0.184 -0.002 0.185
0.00185 10 -1840 10 20 10 -0.185 -0.002 0.186
0.00186 10 -1850 10 20 10 -0.186 -0.002 0.187
0.00187 10 -1860 10 20 10 -0.187 -0.002 0.188
0.00188 10 -1870 10 20 10 -0.188 -0.002 0.189
0.00189 10 -1880 10 20 10 -0.189 -0.002 0.19
0.0019 10 -1890 10 20 10 -0.19 -0.002 0.191
0.00191 10 -1900 10 20 10 -0.191 -0.002 0.192
0.00192 10 -1910 10 20 10 -0.192 -0.002 0.193
0.00193 10 -1920 10 20 10 -0.193 -0.002 0.194
0.00194 10 -1930 10 20 10 -0.194 -0.002 0.195
0.00195 10 -1940 10 20 10 -0.195 -0.002 0.196
0.00196 10 -1950 10 20 10 -0.196 -0.002 0.197
0.00197 10 -1960 10 20 10 -0.197 -0.002 0.198
0.00198 10 -1970 10 20 10 -0.198 -0.002 0.199
0.00199 10 -1980 10 20 10 -0.199 -0.002 0.2
0.002 10 -1990 10 20 10 -0.2 -0.002 0.201
0.00201 10 -2000 10 20 10 -0.201 -0.002 0.202
0.00202 10 -2010 10 20 10 -0.202 -0.002 0.203
0.00203 10 -2020 10 20 10 -0.203 -0.002 0.204
0.00204 10 -2030 10 20 10 -0.204 -0.002 0.205
0.00205 10 -2040 10 20 10 -0.205 -0.002 0.206
0.00206 10 -2050 10 20 10 -0.206 -0.002 0.207
0.00207 10 -2060 10 20 10 -0.207 -0.002 0.208
0.00208 10 -2070 10 20 10 -0.208 -0.002 0.209
0.00209 10 -2080 10 20 10 -0.209 -0.002 0.21
0.0021 10 -2090 10 20 10 -0.21 -0.002 0.211
0.00211 10 -2100 10 20 10 -0.211 -0.002 0.212
0.00212 10 -2110 10 20 10 -0.212 -0.002 0.213
0.00213 10 -2120 10 20 10 -0.213 -0.002 0.214
0.00214 10 -2130 10 20 10 -0.214 -0.002 0.215
0.00215 10 -2140 10 20 10 -0.215 -0.002 0.216
0.00216 10 -2150 10 20 10 -0.216 -0.002 0.217
0.00217 10 -2160 10 20 10 -0.217 -0.002 0.218
0.00218 10 -2170 10 20 10 -0.218 -0.002 0.219
0.00219 10 -2180 10 20 10 -0.219 -0.002 0.22
0.0022 10 -2190 10 20 10 -0.22 -0.002 0.221
0.00221 10 -2200 10 20 10 -0.221 -0.002 0.222
0.00222 10 -2210 10 20 10 -0.222 -0.002 0.223
0.00223 10 -2220 10 20 10 -0.223 -0.002 0.224
0.00224 10 -2230 10 20 10 -0.224 -0.002 0.225
0.00225 10 -2240 10 20 10 -0.225 -0.002 0.226
0.00226 10 -2250 10 20 10 -0.226 -0.002 0.227
0.00227 10 -2260 10 20 10 -0.227 -0.002 0.228
0.00228 10 -2270 10 20 10 -0.228 -0.002 0.229
0.00229 10 -2280 10 20 10 -0.229 -0.002 0.23
0.0023 10 -2290 10 20 10 -0.23 -0.002 0.231
0.00231 10 -2300 10 20 10 -0.231 -0.002 0.232
0.00232 10 -2310 10 20 10 -0.232 -0.002 0.233
0.00233 10 -2320 10 20 10 -0.233 -0.002 0.234
0.00234 10 -2330 10 20 10 -0.234 -0.002 0.235
0.00235 10 -2340 10 20 10 -0.235 -0.002 0.236
0.00236 10 -2350 10 20 10 -0.236 -0.002 0.237
0.00237 10 -2360 10 20 10 -0.237 -0.002 0.238
0.00238 10 -2370 10 20 10 -0.238 -0.002 0.239
0.00239 10 -2380 10 20 10 -0.239 -0.002 0.24
0.0024 10 -2390 10 20 10 -0.24 -0.002 0.241
0.00241 10 -2400 10 20 10 -0.241 -0.002 0.242
0.00242 10 -2410 10 20 10 -0.242 -0.002 0.243
0.00243 10 -2420 10 20 10 -0.243 -0.002 0.244
0.00244 10 -2430 10 20 10 -0.244 -0.002 0.245
0.00245 10 -2440 10 20 10 -0.245 -0.002 0.246
0.00246 10 -2450 10 20 10 -0.246 -0.002 0.247
0.00247 10 -2460 10 20 10 -0.247 -0.002 0.248
0.00248 10 -2470 10 20 10 -0.248 -0.002 0.249
0.00249 10 -2480 10 20 10 -0.249 -0.002 0.25
0.0025 10 -2490 10 20 10 -0.25 -0.002 0.251
0.00251 10 -2500 10 20 10 -0.251 -0.002 0.252
0.00252 10 -2510 10 20 10 -0.252 -0.002 0.253
0.00253 10 -2520 10 20 10 -0.253 -0.002 0.254
0.00254 10 -2530 10 20 10 -0.254 -0.002 0.255
0.00255 10 -2540 10 20 10 -0.255 -0.002 0.256
0.00256 10 -2550 10 20 10 -0.256 -0.002 0.257
0.00257 10 -2560 10 20 10 -0.257 -0.002 0.258
0.00258 10 -2570 10 20 10 -0.258 -0.002 0.259
0.00259 10 -2580 10 20 10 -0.259 -0.002 0.26
0.0026 10 -2590 10 20 10 -0.26 -0.002 0.261
0.00261 10 -2600 10 20 10 -0.261 -0.002 0.262
0.00262 10 -2610 10 20 10 -0.262 -0.002 0.263
0.00263 10 -2620 10 20 10 -0.263 -0.002 0.264
0.00264 10 -2630 10 20 10 -0.264 -0.002 0.265
0.00265 10 -2640 10 20 10 -0.265 -0.002 0.266
0.00266 10 -2650 10 20 10 -0.266 -0.002 0.267
0.00267 10 -2660 10 20 10 -0.267 -0.002 0.268
0.00268 10 -2670 10 20 10 -0.268 -0.002 0.269
0.00269 10 -2680 10 20 10 -0.269 -0.002 0.27
0.0027 10 -2690 10 20 10 -0.27 -0.002 0.271
0.00271 10 -2700 10 20 10 -0.271 -0.002 0.272
0.00272 10 -2710 10 20 10 -0.272 -0.002 0.273
0.00273 10 -2720 10 20 10 -0.273 -0.002 0.274
0.00274 10 -2730 10 20 10 -0.274 -0.002 0.275
0.00275 10 -2740 10 20 10 -0.275 -0.002 0.276
0.00276 10 -2750 10 20 10 -0.276 -0.002 0.277
0.00277 10 -2760 10 20 10 -0.277 -0.002 0.278
0.00278 10 -2770 10 20 10 -0.278 -0.002 0.279
0.00279 10 -2780 10 20 10 -0.279 -0.002 0.28
0.0028 10 -2790 10 20 10 -0.28 -0.002 0.281
0.00281 10 -2800 10 20 10 -0.281 -0.002 0.282
0.00282 10 -2810 10 20 10 -0.282 -0.002 0.283
0.00283 10 -2820 10 20 10 -0.283 -0.002 0.284
0.00284 10 -2830 10 20 10 -0.284 -0.002 0.285
0.00285 10 -2840 10 20 10 -0.285 -0.002 0.286
0.00286 10 -2850 10 20 10 -0.286 -0.002 0.287
0.00287 10 -2860 10 20 10 -0.287 -0.002 0.288
0.00288 10 -2870 10 20 10 -0.288 -0.002 0.289
0.00289 10 -2880 10 20 10 -0.289 -0.002 0.29
0.0029 10 -2890 10 20 10 -0.29 -0.002 0.291
0.00291 10 -2900 10 20 10 -0.291 -0.002 0.292
0.00292 10 -2910 10 20 10 -0.292 -0.002 0.293
0.00293 10 -2920 10 20 10 -0.293 -0.002 0.294
0.00294 10 -2930 10 20 10 -0.294 -0.002 0.295
0.00295 10 -2940 10 20 10 -0.295 -0.002 0.296
0.00296 10 -2950 10 20 10 -0.296 -0.002 0.297
0.00297 10 -2960 10 20 10 -0.297 -0.002 0.298
0.00298 10 -2970 10 20 10 -0.298 -0.002 0.299
0.00299 10 -2980 10 20 10 -0.299 -0.002 0.3
0.003 10 -2990 10 20 10 -0.3 -0.002 0.301
0.00301 10 -3000 10 20 10 -0.301 -0.002 0.302
0.00302 10 -3010 10 20 10 -0.302 -0.002 0.303
0.00303 10 -3020 10 20 10 -0.303 -0.002 0.304
0.00304 10 -3030 10 20 10 -0.304 -0.002 0.305
0.00305 10 -3040 10 20 10 -0.305 -0.002 0.306
0.00306 10 -3050 10 20 10 -0.306 -0.002 0.307
0.00307 10 -3060 10 20 10 -0.307 -0.002 0.308
0.00308 10 -3070 10 20 10 -0.308 -0.002 0.309
0.00309 10 -3080 10 20 10 -0.309 -0.002 0.31
0.0031 10 -3090 10 20 10 -0.31 -0.002 0.311
0.00311 10 -3100 10 20 10 -0.311 -0.002 0.312
0.00312 10 -3110 10 20 10 -0.312 -0.002 0.313
0.00313 10 -3120 10 20 10 -0.313 -0.002 0.314
0.00314 10 -3130 10 20 10 -0.314 -0.002 0.315
0.00315 10 -3140 10 20 10 -0.315 -0.002 0.316
0.00316 10 -3150 10 20 10 -0.316 -0.002 0.317
0.00317 10 -3160 10 20 10 -0.317 -0.002 0.318
0.00318 10 -3170 10 20 10 -0.318 -0.002 0.319
0.00319 10 -3180 10 20 10 -0.319 -0.002 0.32
0.0032 10 -3190 10 20 10 -0.32 -0.002 0.321
0.00321 10 -3200 10 20 10 -0.321 -0.002 0.322
0.00322 10 -3210 10 20 10 -0.322 -0.002 0.323
0.00323 10 -3220 10 20 10 -0.323 -0.002 0.324
0.00324 10 -3230 10 20 10 -0.324 -0.002 0.325
0.00325 10 -3240 10 20 10 -0.325 -0.002 0.326
0.00326 10 -3250 10 20 10 -0.326 -0.002 0.327
0.00327 10 -3260 10 20 10 -0.327 -0.002 0.328
0.00328 10 -3270 10 20 10 -0.328 -0.002 0.329
0.00329 10 -3280 10 20 10 -0.329 -0.002 0.33
0.0033 10 -3290 10 20 10 -0.33 -0.002 0.331
0.00331 10 -3300 10 20 10 -0.331 -0.002 0.332
0.00332 10 -3310 10 20 10 -0.332 -0.002 0.333
0.00333 10 -3320 10 20 10 -0.333 -0.002 0.334
0.00334 10 -3330 10 20 10 -0.334 -0.002 0.335
0.00335 10 -3340 10 20 10 -0.335 -0.002 0.336
0.00336 10 -3350 10 20 10 -0.336 -0.002 0.337
0.00337 10 -3360 10 20 10 -0.337 -0.002 0.338
0.00338 10 -3370 10 20 10 -0.338 -0.002 0.339
0.00339 10 -3380 10 20 10 -0.339 -0.002 0.34
0.0034 10 -3390 10 20 10 -0.34 -0.002 0.341
0.00341 10 -3400 10 20 10 -0.341 -0.002 0.342
0.00342 10 -3410 10 20 10 -0.342 -0.002 0.343
0.00343 10 -3420 10 20 10 -0.343 -0.002 0.344
0.00344 10 -3430 10 20 10 -0.344 -0.002 0.345
0.00345 10 -3440 10 20 10 -0.345 -0.002 0.346
0.00346 10 -3450 10 20 10 -0.346 -0.002 0.347
0.00347 10 -3460 10 20 10 -0.347 -0.002 0.348
0.00348 10 -3470 10 20 10 -0.348 -0.002 0.349
0.00349 10 -3480 10 20 10 -0.349 -0.002 0.35
0.0035 10 -3490 10 20 10 -0.35 -0.002 0.351
0.00351 10 -3500 10 20 10 -0.351 -0.002 0.352
0.00352 10 -3510 10 20 10 -0.352 -0.002 0.353
0.00353 10 -3520 10 20 10 -0.353 -0.002 0.354
0.00354 10 -3530 10 20 10 -0.354 -0.002 0.355
0.00355 10 -3540 10 20 10 -0.355 -0.002 0.356
0.00356 10 -3550 10 20 10 -0.356 -0.002 0.357
0.00357 10 -3560 10 20 10 -0.357 -0.002 0.358
0.00358 10 -3570 10 20 10 -0.358 -0.002 0.359
0.00359 10 -3580 10 20 10 -0.359 -0.002 0.36
0.0036 10 -3590 10 20 10 -0.36 -0.002 0.361
0.00361 10 -3600 10 20 10 -0.361 -0.002 0.362
0.00362 10 -3610 10 20 10 -0.362 -0.002 0.363
0.00363 10 -3620 10 20 10 -0.363 -0.002 0.364
0.00364 10 -3630 10 20 10 -0.364 -0.002 0.365
0.00365 10 -3640 10 20 10 -0.365 -0.002 0.366
0.00366 10 -3650 10 20 10 -0.366 -0.002 0.367
0.00367 10 -3660 10 20 10 -0.367 -0.002 0.368
0.00368 10 -3670 10 20 10 -0.368 -0.002 0.369
0.00369 10 -3680 10 20 10 -0.369 -0.002 0.37
0.0037 10 -3690 10 20 10 -0.37 -0.002 0.371
0.00371 10 -3700 10 20 10 -0.371 -0.002 0.372
0.00372 10 -3710 10 20 10 -0.372 -0.002 0.373
0.00373 10 -3720 10 20 10 -0.373 -0.002 0.374
0.00374 10 -3730 10 20 10 -0.374 -0.002 0.375
0.00375 10 -3740 10 20 10 -0.375 -0.002 0.376
0.00376 10 -3750 10 20 10 -0.376 -0.002 0.377
0.00377 10 -3760 10 20 10 -0.377 -0.002 0.378
0.00378 10 -3770 10 20 10 -0.378 -0.002 0.379
0.00379 10 -3780 10 20 10 -0.379 -0.002 0.38
0.0038 10 -3790 10 20 10 -0.38 -0.002 0.381
0.00381 10 -3800 10 20 10 -0.381 -0.002 0.382
0.00382 10 -3810 10 20 10 -0.382 -0.002 0.383
0.00383 10 -3820 10 20 10 -0.383 -0.002 0.384
0.00384 10 -3830 10 20 10 -0.384 -0.002 0.385
0.00385 10 -3840 10 20 10 -0.385 -0.002 0.386
0.00386 10 -3850 10 20 10 -0.386 -0.002 0.387
0.00387 10 -3860 10 20 10 -0.387 -0.002 0.388
0.00388 10 -3870 10 20 10 -0.388 -0.002 0.389
0.00389 10 -3880 10 20 10 -0.389 -0.002 0.39
0.0039 10 -3890 10 20 10 -0.39 -0.002 0.391
0.00391 10 -3900 10 20 10 -0.391 -0.002 0.392
0.00392 10 -3910 10 20 10 -0.392 -0.002 0.393
0.00393 10 -3920 10 20 10 -0.393 -0.002 0.394
0.00394 10 -3930 10 20 10 -0.394 -0.002 0.395
0.00395 10 -3940 10 20 10 -0.395 -0.002 0.396
0.00396 10 -3950 10 20 10 -0.396 -0.002 0.397
0.00397 10 -3960 10 20 10 -0.397 -0.002 0.398
0.00398 10 -3970 10 20 10 -0.398 -0.002 0.399
0.00399 10 -3980 10 20 10 -0.399 -0.002 0.4
0.004 10 -3990 10 20 10 -0.4 -0.002 0.401
0.00401 10 -4000 10 20 10 -0.401 -0.002 0.402
0.00402 10 -4010 10 20 10 -0.402 -0.002 0.403
0.00403 10 -4020 10 20 10 -0.403 -0.002 0.404
0.00404 10 -4030 10 20 10 -0.404 -0.002 0.405
0.00405 10 -4040 10 20 10 -0.405 -0.002 0.406
0.00406 10 -4050 10 20 10 -0.406 -0.002 0.407
0.00407 10 -4060 10 20 10 -0.407 -0.002 0.408
0.00408 10 -4070 10 20 10 -0.408 -0.002 0.409
0.00409 10 -4080 10 20 10 -0.409 -0.002 0.41
0.0041 10 -4090 10 20 10 -0.41 -0.002 0.411
0.00411 10 -4100 10 20 10 -0.411 -0.002 0.412
0.00412 10 -4110 10 20 10 -0.412 -0.002 0.413
0.00413 10 -4120 10 20 10 -0.413 -0.002 0.414
0.00414 10 -4130 10 20 10 -0.414 -0.002 0.415
0.00415 10 -4140 10 20 10 -0.415 -0.002 0.416
0.00416 10 -4150 10 20 10 -0.416 -0.002 0.417
0.00417 10 -4160 10 20 10 -0.417 -0.002 0.418
0.00418 10 -4170 10 20 10 -0.418 -0.002 0.419
0.00419 10 -4180 10 20 10 -0.419 -0.002 0.42
0.0042 10 -4190 10 20 10 -0.42 -0.002 0.421
0.00421 10 -4200 10 20 10 -0.421 -0.002 0.422
0.00422 10 -4210 10 20 10 -0.422 -0.002 0.423
0.00423 10 -4220 10 20 10 -0.423 -0.002 0.424
0.00424 10 -4230 10 20 10 -0.424 -0.002 0.425
0.00425 10 -4240 10 20 10 -0.425 -0.002 0.426
0.00426 10 -4250 10 20 10 -0.426 -0.002 0.427
0.00427 10 -4260 10 20 10 -0.427 -0.002 0.428
0.00428 10 -4270 10 20 10 -0.428 -0.002 0.429
0.00429 10 -4280 10 20 10 -0.429 -0.002 0.43
0.0043 10 -4290 10 20 10 -0.43 -0.002 0.431
0.00431 10 -4300 10 20 10 -0.431 -0.002 0.432
0.00432 10 -4310 10 20 10 -0.432 -0.002 0.433
0.00433 10 -4320 10 20 10 -0.433 -0.002 0.434
0.00434 10 -4330 10 20 10 -0.434 -0.002 0.435
0.00435 10 -4340 10 20 10 -0.435 -0.002 0.436
0.00436 10 -4350 10 20 10 -0.436 -0.002 0.437
0.00437 10 -4360 10 20 10 -0.437 -0.002 0.438
0.00438 10 -4370 10 20 10 -0.438 -0.002 0.439
0.00439 10 -4380 10 20 10 -0.439 -0.002 0.44
0.0044 10 -4390 10 20 10 -0.44 -0.002 0.441
0.00441 10 -4400 10 20 10 -0.441 -0.002 0.442
0.00442 10 -4410 10 20 10 -0.442 -0.002 0.443
0.00443 10 -4420 10 20 10 -0.443 -0.002 0.444
0.00444 10 -4430 10 20 10 -0.444 -0.002 0.445
0.00445 10 -4440 10 20 10 -0.445 -0.002 0.446
0.00446 10 -4450 10 20 10 -0.446 -0.002 0.447
0.00447 10 -4460 10 20 10 -0.447 -0.002 0.448
0.00448 10 -4470 10 20 10 -0.448 -0.002 0.449
0.00449 10 -4480 10 20 10 -0.449 -0.002 0.45
0.0045 10 -4490 10 20 10 -0.45 -0.002 0.451
0.00451 10 -4500 10 20 10 -0.451 -0.002 0.452
0.00452 10 -4510 10 20 10 -0.452 -0.002 0.453
0.00453 10 -4520 10 20 10 -0.453 -0.002 0.454
0.00454 10 -4530 10 20 10 -0.454 -0.002 0.455
0.00455 10 -4540 10 20 10 -0.455 -0.002 0.456
0.00456 10 -4550 10 20 10 -0.456 -0.002 0.457
0.00457 10 -4560 10 20 10 -0.457 -0.002 0.458
0.00458 10 -4570 10 20 10 -0.458 -0.002 0.459
0.00459 10 -4580 10 20 10 -0.459 -0.002 0.46
0.0046 10 -4590 10 20 10 -0.46 -0.002 0.461
0.00461 10 -4600 10 20 10 -0.461 -0.002 0.462
0.00462 10 -4610 10 20 10 -0.462 -0.002 0.463
0.00463 10 -4620 10 20 10 -0.463 -0.002 0.464
0.00464 10 -4630 10 20 10 -0.464 -0.002 0.465
0.00465 10 -4640 10 20 10 -0.465 -0.002 0.466
0.00466 10 -4650 10 20 10 -0.466 -0.002 0.467
0.00467 10 -4660 10 20 10 -0.467 -0.002 0.468
0.00468 10 -4670 10 20 10 -0.468 -0.002 0.469
0.00469 10 -4680 10 20 10 -0.469 -0.002 0.47
0.0047 10 -4690 10 20 10 -0.47 -0.002 0.471
0.00471 10 -4700 10 20 10 -0.471 -0.002 0.472
0.00472 10 -4710 10 20 10 -0.472 -0.002 0.473
0.00473 10 -4720 10 20 10 -0.473 -0.002 0.474
0.00474 10 -4730 10 20 10 -0.474 -0.002 0.475
0.00475 10 -4740 10 20 10 -0.475 -0.002 0.476
0.00476 10 -4750 10 20 10 -0.476 -0.002 0.477
0.00477 10 -4760 10 20 10 -0.477 -0.002 0.478
0.00478 10 -4770 10 20 10 -0.478 -0.002 0.479
0.00479 10 -4780 10 20 10 -0.479 -0.002 0.48
0.0048 10 -4790 10 20 10 -0.48 -0.002 0.481
0.00481 10 -4800 10 20 10 -0.481 -0.002 0.482
0.00482 10 -4810 10 20 10 -0.482 -0.002 0.483
0.00483 10 -4820 10 20 10 -0.483 -0.002 0.484
0.00484 10 -4830 10 20 10 -0.484 -0.002 0.485
0.00485 10 -4840 10 20 10 -0.485 -0.002 0.486
0.00486 10 -4850 10 20 10 -0.486 -0.002 0.487
0.00487 10 -4860 10 20 10 -0.487 -0.002 0.488
0.00488 10 -4870 10 20 10 -0.488 -0.002 0.489
0.00489 10 -4880 10 20 10 -0.489 -0.002 0.49
0.0049 10 -4890 10 20 10 -0.49 -0.002 0.491
0.00491 10 -4900 10 20 10 -0.491 -0.002 0.492
0.00492 10 -4910 10 20 10 -0.492 -0.002 0.493
0.00493 10 -4920 10 20 10 -0.493 -0.002 0.494
0.00494 10 -4930 10 20 10 -0.494 -0.002 0.495
0.00495 10 -4940 10 20 10 -0.495 -0.002 0.496
0.00496 10 -4950 10 20 10 -0.496 -0.002 0.497
0.00497 10 -4960 10 20 10 -0.497 -0.002 0.498
0.00498 10 -4970 10 20 10 -0.498 -0.002 0.499
0.00499 10 -4980 10 20 10 -0.499 -0.002 0.5
0.005 10 -4990 10 20 10 -0.5 -0.002 0.501
0.00501 10 -5000 10 20 10 -0.501 -0.002 0.502
0.00502 10 -5010 10 20 10 -0.502 -0.002 0.503
0.00503 10 -5020 10 20 10 -0.503 -0.002 0.504
0.00504 10 -5030 10 20 10 -0.504 -0.002 0.505
0.00505 10 -5040 10 20 10 -0.505 -0.002 0.506
0.00506 10 -5050 10 20 10 -0.506 -0.002 0.507
0.00507 10 -5060 10 20 10 -0.507 -0.002 0.508
0.00508 10 -5070 10 20 10 -0.508 -0.002 0.509
0.00509 10 -5080 10 20 10 -0.509 -0.002 0.51
0.0051 10 -5090 10 20 10 -0.51 -0.002 0.511
0.00511 10 -5100 10 20 10 -0.511 -0.002 0.512
0.00512 10 -5110 10 20 10 -0.512 -0.002 0.513
0.00513 10 -5120 10 20 10 -0.513 -0.002 0.514
0.00514 10 -5130 10 20 10 -0.514 -0.002 0.515
0.00515 10 -5140 10 20 10 -0.515 -0.002 0.516
0.00516 10 -5150 10 20 10 -0.516 -0.002 0.517
0.00517 10 -5160 10 20 10 -0.517 -0.002 0.518
0.00518 10 -5170 10 20 10 -0.518 -0.002 0.519
0.00519 10 -5180 10 20 10 -0.519 -0.002 0.52
0.0052 10 -5190 10 20 10 -0.52 -0.002 0.521
0.00521 10 -5200 10 20 10 -0.521 -0.002 0.522
0.00522 10 -5210 10 20 10 -0.522 -0.002 0.523
0.00523 10 -5220 10 20 10 -0.523 -0.002 0.524
0.00524 10 -5230 10 20 10 -0.524 -0.002 0.525
0.00525 10 -5240 10 20 10 -0.525 -0.002 0.526
0.00526 10 -5250 10 20 10 -0.526 -0.002 0.527
0.00527 10 -5260 10 20 10 -0.527 -0.002 0.528
0.00528 10 -5270 10 20 10 -0.528 -0.002 0.529
0.00529 10 -5280 10 20 10 -0.529 -0.002 0.53
0.0053 10 -5290 10 20 10 -0.53 -0.002 0.531
0.00531 10 -5300 10 20 10 -0.531 -0.002 0.532
0.00532 10 -5310 10 20 10 -0.532 -0.002 0.533
0.00533 10 -5320 10 20 10 -0.533 -0.002 0.534
0.00534 10 -5330 10 20 10 -0.534 -0.002 0.535
0.00535 10 -5340 10 20 10 -0.535 -0.002 0.536
0.00536 10 -5350 10 20 10 -0.536 -0.002 0.537
0.00537 10 -5360 10 20 10 -0.537 -0.002 0.538
0.00538 10 -5370 10 20 10 -0.538 -0.002 0.539
0.00539 10 -5380 10 20 10 -0.539 -0.002 0.54
0.0054 10 -5390 10 20 10 -0.54 -0.002 0.541
0.00541 10 -5400 10 20 10 -0.541 -0.002 0.542
0.00542 10 -5410 10 20 10 -0.542 -0.002 0.543
0.00543 10 -5420 10 20 10 -0.543 -0.002 0.544
0.00544 10 -5430 10 20 10 -0.544 -0.002 0.545
0.00545 10 -5440 10 20 10 -0.545 -0.002 0.546
0.00546 10 -5450 10 20 10 -0.546 -0.002 0.547
0.00547 10 -5460 10 20 10 -0.547 -0.002 0.548
0.00548 10 -5470 10 20 10 -0.548 -0.002 0.549
0.00549 10 -5480 10 20 10 -0.549 -0.002 0.55
0.0055 10 -5490 10 20 10 -0.55 -0.002 0.551
0.00551 10 -5500 10 20 10 -0.551 -0.002 0.552
0.00552 10 -5510 10 20 10 -0.552 -0.002 0.553
0.00553 10 -5520 10 20 10 -0.553 -0.002 0.554
0.00554 10 -5530 10 20 10 -0.554 -0.002 0.555
0.00555 10 -5540 10 20 10 -0.555 -0.002 0.556
0.00556 10 -5550 10 20 10 -0.556 -0.002 0.557
0.00557 10 -5560 10 20 10 -0.557 -0.002 0.558
0.00558 10 -5570 10 20 10 -0.558 -0.002 0.559
0.00559 10 -5580 10 20 10 -0.559 -0.002 0.56
0.0056 10 -5590 10 20 10 -0.56 -0.002 0.561
0.00561 10 -5600 10 20 10 -0.561 -0.002 0.562
0.00562 10 -5610 10 20 10 -0.562 -0.002 0.563
0.00563 10 -5620 10 20 10 -0.563 -0.002 0.564
0.00564 10 -5630 10 20 10 -0.564 -0.002 0.565
0.00565 10 -5640 10 20 10 -0.565 -0.002 0.566
0.00566 10 -5650 10 20 10 -0.566 -0.002 0.567
0.00567 10 -5660 10 20 10 -0.567 -0.002 0.568
0.00568 10 -5670 10 20 10 -0.568 -0.002 0.569
0.00569 10 -5680 10 20 10 -0.569 -0.002 0.57
0.0057 10 -5690 10 20 10 -0.57 -0.002 0.571
0.00571 10 -5700 10 20 10 -0.571 -0.002 0.572
0.00572 10 -5710 10 20 10 -0.572 -0.002 0.573
0.00573 10 -5720 10 20 10 -0.573 -0.002 0.574
0.00574 10 -5730 10 20 10 -0.574 -0.002 0.575
0.00575 10 -5740 10 20 10 -0.575 -0.002 0.576
0.00576 10 -5750 10 20 10 -0.576 -0.002 0.577
0.00577 10 -5760 10 20 10 -0.577 -0.002 0.578
0.00578 10 -5770 10 20 10 -0.578 -0.002 0.579
0.00579 10 -5780 10 20 10 -0.579 -0.002 0.58
0.0058 10 -5790 10 20 10 -0.58 -0.002 0.581
0.00581 10 -5800 10 20 10 -0.581 -0.002 0.582
0.00582 10 -5810 10 20 10 -0.582 -0.002 0.583
0.00583 10 -5820 10 20 10 -0.583 -0.002 0.584
0.00584 10 -5830 10 20 10 -0.584 -0.002 0.585
0.00585 10 -5840 10 20 10 -0.585 -0.002 0.586
0.00586 10 -5850 10 20 10 -0.586 -0.002 0.587
0.00587 10 -5860 10 20 10 -0.587 -0.002 0.588
0.00588 10 -5870 10 20 10 -0.588 -0.002 0.589
0.00589 10 -5880 10 20 10 -0.589 -0.002 0.59
0.0059 10 -5890 10 20 10 -0.59 -0.002 0.591
0.00591 10 -5900 10 20 10 -0.591 -0.002 0.592
0.00592 10 -5910 10 20 10 -0.592 -0.002 0.593
0.00593 10 -5920 10 20 10 -0.593 -0.002 0.594
0.00594 10 -5930 10 20 10 -0.594 -0.002 0.595
0.00595 10 -5940 10 20 10 -0.595 -0.002 0.596
0.00596 10 -5950 10 20 10 -0.596 -0.002 0.597
0.00597 10 -5960 10 20 10 -0.597 -0.002 0.598
0.00598 10 -5970 10 20 10 -0.598 -0.002 0.599
0.00599 10 -5980 10 20 10 -0.599 -0.002 0.6
0.006 10 -5990 10 20 10 -0.6 -0.002 0.601
