t 1 2 3 4 5
0.0000000 0.000000 -0.000000 0.000000 -0.000000 0.000000
0.0000100 -0.144928 -0.000000 -0.144928 -0.289855 -0.144928
0.0000200 -0.140727 0.144928 -0.140727 -0.281453 -0.140727
0.0000300 -0.134547 0.285654 -0.134547 -0.269095 -0.134547
0.0000400 -0.126507 0.420202 -0.126507 -0.253015 -0.126507
0.0000500 -0.116751 0.546709 -0.116751 -0.233501 -0.116751
0.0000600 -0.105443 0.663460 -0.105443 -0.210887 -0.105443
0.0000700 -0.092772 0.768903 -0.092772 -0.185543 -0.092772
0.0000800 -0.078939 0.861675 -0.078939 -0.157878 -0.078939
0.0000900 -0.064163 0.940614 -0.064163 -0.128326 -0.064163
0.0001000 -0.048671 1.004777 -0.048671 -0.097342 -0.048671
0.0001100 -0.032698 1.053448 -0.032698 -0.065397 -0.032698
0.0001200 -0.016483 1.086146 -0.016483 -0.032966 -0.016483
0.0001300 -0.000264 1.102629 -0.000264 -0.000528 -0.000264
0.0001400 0.015724 1.102894 0.015724 0.031447 0.015724
0.0001500 0.031252 1.087170 0.031252 0.062504 0.031252
0.0001600 0.046102 1.055918 0.046102 0.092204 0.046102
0.0001700 0.060069 1.009816 0.060069 0.120138 0.060069
0.0001800 0.072963 0.949747 0.072963 0.145926 0.072963
0.0001900 0.084612 0.876785 0.084612 0.169225 0.084612
0.0002000 0.094867 0.792172 0.094867 0.189734 0.094867
0.0002100 0.103598 0.697305 0.103598 0.207196 0.103598
0.0002200 0.110701 0.593707 0.110701 0.221402 0.110701
0.0002300 0.116097 0.483006 0.116097 0.232193 0.116097
0.0002400 0.119732 0.366910 0.119732 0.239463 0.119732
0.0002500 0.121579 0.247178 0.121579 0.243157 0.121579
0.0002600 0.121637 0.125599 0.121637 0.243274 0.121637
0.0002700 0.119932 0.003962 0.119932 0.239863 0.119932
0.0002800 0.116513 -0.115969 0.116513 0.233025 0.116513
0.0002900 0.111455 -0.232482 0.111455 0.222910 0.111455
0.0003000 0.104855 -0.343937 0.104855 0.209710 0.104855
0.0003100 0.096831 -0.448792 0.096831 0.193662 0.096831
0.0003200 0.087520 -0.545623 0.087520 0.175040 0.087520
0.0003300 0.077076 -0.633143 0.077076 0.154152 0.077076
0.0003400 0.065666 -0.710218 0.065666 0.131331 0.065666
0.0003500 0.053469 -0.775884 0.053469 0.106939 0.053469
0.0003600 0.040675 -0.829354 0.040675 0.081350 0.040675
0.0003700 0.027476 -0.870028 0.027476 0.054952 0.027476
0.0003800 0.014071 -0.897505 0.014071 0.028141 0.014071
0.0003900 0.000656 -0.911575 0.000656 0.001311 0.000656
0.0004000 -0.012575 -0.912231 -0.012575 -0.025149 -0.012575
0.0004100 -0.025431 -0.899656 -0.025431 -0.050862 -0.025431
0.0004200 -0.037732 -0.874225 -0.037732 -0.075465 -0.037732
0.0004300 -0.049309 -0.836493 -0.049309 -0.098617 -0.049309
0.0004400 -0.060002 -0.787184 -0.060002 -0.120005 -0.060002
0.0004500 -0.069672 -0.727182 -0.069672 -0.139343 -0.069672
0.0004600 -0.078191 -0.657510 -0.078191 -0.156382 -0.078191
0.0004700 -0.085454 -0.579319 -0.085454 -0.170908 -0.085454
0.0004800 -0.091373 -0.493865 -0.091373 -0.182746 -0.091373
0.0004900 -0.095882 -0.402493 -0.095882 -0.191764 -0.095882
0.0005000 -0.098936 -0.306611 -0.098936 -0.197872 -0.098936
0.0005100 -0.100512 -0.207675 -0.100512 -0.201024 -0.100512
0.0005200 -0.100608 -0.107163 -0.100608 -0.201216 -0.100608
0.0005300 -0.099245 -0.006555 -0.099245 -0.198490 -0.099245
0.0005400 -0.096463 0.092690 -0.096463 -0.192927 -0.096463
0.0005500 -0.092324 0.189154 -0.092324 -0.184648 -0.092324
0.0005600 -0.086907 0.281478 -0.086907 -0.173813 -0.086907
0.0005700 -0.080308 0.368384 -0.080308 -0.160616 -0.080308
0.0005800 -0.072642 0.448693 -0.072642 -0.145283 -0.072642
0.0005900 -0.064033 0.521334 -0.064033 -0.128066 -0.064033
0.0006000 -0.054622 0.585367 -0.054622 -0.109243 -0.054622
0.0006100 -0.044555 0.639989 -0.044555 -0.089110 -0.044555
0.0006200 -0.033988 0.684544 -0.033988 -0.067976 -0.033988
0.0006300 -0.023082 0.718532 -0.023082 -0.046164 -0.023082
0.0006400 -0.011999 0.741614 -0.011999 -0.023999 -0.011999
0.0006500 -0.000904 0.753614 -0.000904 -0.001807 -0.000904
0.0006600 0.010044 0.754517 0.010044 0.020089 0.010044
0.0006700 0.020688 0.744473 0.020688 0.041377 0.020688
0.0006800 0.030878 0.723785 0.030878 0.061756 0.030878
0.0006900 0.040473 0.692906 0.040473 0.080946 0.040473
0.0007000 0.049342 0.652434 0.049342 0.098684 0.049342
0.0007100 0.057367 0.603092 0.057367 0.114734 0.057367
0.0007200 0.064445 0.545725 0.064445 0.128890 0.064445
0.0007300 0.070486 0.481280 0.070486 0.140972 0.070486
0.0007400 0.075418 0.410794 0.075418 0.150836 0.075418
0.0007500 0.079185 0.335376 0.079185 0.158371 0.079185
0.0007600 0.081751 0.256191 0.081751 0.163501 0.081751
0.0007700 0.083094 0.174440 0.083094 0.166188 0.083094
0.0007800 0.083214 0.091346 0.083214 0.166427 0.083214
0.0007900 0.082126 0.008133 0.082126 0.164251 0.082126
0.0008000 0.079863 -0.073993 0.079863 0.159726 0.079863
0.0008100 0.076476 -0.153856 0.076476 0.152951 0.076476
0.0008200 0.072029 -0.230332 0.072029 0.144058 0.072029
0.0008300 0.066603 -0.302361 0.066603 0.133207 0.066603
0.0008400 0.060291 -0.368964 0.060291 0.120581 0.060291
0.0008500 0.053196 -0.429255 0.053196 0.106392 0.053196
0.0008600 0.045433 -0.482451 0.045433 0.090866 0.045433
0.0008700 0.037124 -0.527884 0.037124 0.074248 0.037124
0.0008800 0.028397 -0.565007 0.028397 0.056795 0.028397
0.0008900 0.019386 -0.593405 0.019386 0.038772 0.019386
0.0009000 0.010224 -0.612791 0.010224 0.020448 0.010224
0.0009100 0.001046 -0.623014 0.001046 0.002093 0.001046
0.0009200 -0.008013 -0.624061 -0.008013 -0.016026 -0.008013
0.0009300 -0.016825 -0.616048 -0.016825 -0.033650 -0.016825
0.0009400 -0.025266 -0.599223 -0.025266 -0.050531 -0.025266
0.0009500 -0.033218 -0.573957 -0.033218 -0.066436 -0.033218
0.0009600 -0.040573 -0.540739 -0.040573 -0.081146 -0.040573
0.0009700 -0.047234 -0.500166 -0.047234 -0.094468 -0.047234
0.0009800 -0.053114 -0.452932 -0.053114 -0.106227 -0.053114
0.0009900 -0.058138 -0.399818 -0.058138 -0.116277 -0.058138
0.0010000 -0.062248 -0.341680 -0.062248 -0.124495 -0.062248
0.0010100 -0.065395 -0.279432 -0.065395 -0.130790 -0.065395
0.0010200 -0.067549 -0.214037 -0.067549 -0.135099 -0.067549
0.0010300 -0.068694 -0.146488 -0.068694 -0.137387 -0.068694
0.0010400 -0.068825 -0.077794 -0.068825 -0.137651 -0.068825
0.0010500 -0.067958 -0.008969 -0.067958 -0.135916 -0.067958
0.0010600 -0.066118 0.058989 -0.066118 -0.132236 -0.066118
0.0010700 -0.063347 0.125107 -0.063347 -0.126693 -0.063347
0.0010800 -0.059697 0.188454 -0.059697 -0.119395 -0.059697
0.0010900 -0.055236 0.248151 -0.055236 -0.110472 -0.055236
0.0011000 -0.050038 0.303387 -0.050038 -0.100077 -0.050038
0.0011100 -0.044191 0.353426 -0.044191 -0.088382 -0.044191
0.0011200 -0.037788 0.397617 -0.037788 -0.075576 -0.037788
0.0011300 -0.030930 0.435405 -0.030930 -0.061860 -0.030930
0.0011400 -0.023723 0.466335 -0.023723 -0.047447 -0.023723
0.0011500 -0.016277 0.490059 -0.016277 -0.032555 -0.016277
0.0011600 -0.008703 0.506336 -0.008703 -0.017407 -0.008703
0.0011700 -0.001113 0.515039 -0.001113 -0.002226 -0.001113
0.0011800 0.006384 0.516152 0.006384 0.012768 0.006384
0.0011900 0.013679 0.509768 0.013679 0.027358 0.013679
0.0012000 0.020671 0.496089 0.020671 0.041341 0.020671
0.0012100 0.027261 0.475418 0.027261 0.054522 0.027261
0.0012200 0.033361 0.448157 0.033361 0.066722 0.033361
0.0012300 0.038889 0.414796 0.038889 0.077778 0.038889
0.0012400 0.043774 0.375907 0.043774 0.087547 0.043774
0.0012500 0.047953 0.332133 0.047953 0.095905 0.047953
0.0012600 0.051376 0.284181 0.051376 0.102752 0.051376
0.0012700 0.054006 0.232804 0.054006 0.108011 0.054006
0.0012800 0.055814 0.178799 0.055814 0.111628 0.055814
0.0012900 0.056788 0.122985 0.056788 0.113575 0.056788
0.0013000 0.056924 0.066197 0.056924 0.113848 0.056924
0.0013100 0.056233 0.009273 0.056233 0.112467 0.056233
0.0013200 0.054738 -0.046961 0.054738 0.109476 0.054738
0.0013300 0.052471 -0.101699 0.052471 0.104941 0.052471
0.0013400 0.049476 -0.154169 0.049476 0.098952 0.049476
0.0013500 0.045808 -0.203645 0.045808 0.091615 0.045808
0.0013600 0.041528 -0.249453 0.041528 0.083057 0.041528
0.0013700 0.036709 -0.290981 0.036709 0.073419 0.036709
0.0013800 0.031428 -0.327691 0.031428 0.062856 0.031428
0.0013900 0.025768 -0.359119 0.025768 0.051536 0.025768
0.0014000 0.019817 -0.384887 0.019817 0.039633 0.019817
0.0014100 0.013664 -0.404704 0.013664 0.027328 0.013664
0.0014200 0.007403 -0.418368 0.007403 0.014806 0.007403
0.0014300 0.001125 -0.425771 0.001125 0.002250 0.001125
0.0014400 -0.005078 -0.426896 -0.005078 -0.010157 -0.005078
0.0014500 -0.011118 -0.421817 -0.011118 -0.022236 -0.011118
0.0014600 -0.016909 -0.410699 -0.016909 -0.033818 -0.016909
0.0014700 -0.022371 -0.393791 -0.022371 -0.044742 -0.022371
0.0014800 -0.027430 -0.371419 -0.027430 -0.054859 -0.027430
0.0014900 -0.032018 -0.343990 -0.032018 -0.064035 -0.032018
0.0015000 -0.036075 -0.311972 -0.036075 -0.072150 -0.036075
0.0015100 -0.039551 -0.275897 -0.039551 -0.079101 -0.039551
0.0015200 -0.042403 -0.236347 -0.042403 -0.084805 -0.042403
0.0015300 -0.044599 -0.193944 -0.044599 -0.089198 -0.044599
0.0015400 -0.046117 -0.149345 -0.046117 -0.092234 -0.046117
0.0015500 -0.046945 -0.103228 -0.046945 -0.093889 -0.046945
0.0015600 -0.047080 -0.056284 -0.047080 -0.094160 -0.047080
0.0015700 -0.046531 -0.009204 -0.046531 -0.093062 -0.046531
0.0015800 -0.045316 0.037328 -0.045316 -0.090632 -0.045316
0.0015900 -0.043461 0.082643 -0.043461 -0.086923 -0.043461
0.0016000 -0.041004 0.126105 -0.041004 -0.082008 -0.041004
0.0016100 -0.037988 0.167108 -0.037988 -0.075975 -0.037988
0.0016200 -0.034465 0.205096 -0.034465 -0.068929 -0.034465
0.0016300 -0.030493 0.239561 -0.030493 -0.060987 -0.030493
0.0016400 -0.026138 0.270054 -0.026138 -0.052275 -0.026138
0.0016500 -0.021466 0.296192 -0.021466 -0.042932 -0.021466
0.0016600 -0.016551 0.317658 -0.016551 -0.033103 -0.016551
0.0016700 -0.011468 0.334209 -0.011468 -0.022936 -0.011468
0.0016800 -0.006292 0.345677 -0.006292 -0.012584 -0.006292
0.0016900 -0.001100 0.351969 -0.001100 -0.002199 -0.001100
0.0017000 0.004033 0.353069 0.004033 0.008066 0.004033
0.0017100 0.009033 0.349035 0.009033 0.018067 0.009033
0.0017200 0.013830 0.340002 0.013830 0.027660 0.013830
0.0017300 0.018357 0.326172 0.018357 0.036713 0.018357
0.0017400 0.022552 0.307816 0.022552 0.045103 0.022552
0.0017500 0.026359 0.285264 0.026359 0.052718 0.026359
0.0017600 0.029729 0.258905 0.029729 0.059459 0.029729
0.0017700 0.032620 0.229175 0.032620 0.065240 0.032620
0.0017800 0.034996 0.196556 0.034996 0.069991 0.034996
0.0017900 0.036830 0.161560 0.036830 0.073660 0.036830
0.0018000 0.038104 0.124730 0.038104 0.076208 0.038104
0.0018100 0.038807 0.086626 0.038807 0.077614 0.038807
0.0018200 0.038938 0.047819 0.038938 0.077875 0.038938
0.0018300 0.038502 0.008881 0.038502 0.077004 0.038502
0.0018400 0.037515 -0.029621 0.037515 0.075030 0.037515
0.0018500 0.035998 -0.067136 0.035998 0.071996 0.035998
0.0018600 0.033982 -0.103134 0.033982 0.067964 0.033982
0.0018700 0.031502 -0.137116 0.031502 0.063004 0.031502
0.0018800 0.028602 -0.168618 0.028602 0.057204 0.028602
0.0018900 0.025329 -0.197220 0.025329 0.050658 0.025329
0.0019000 0.021737 -0.222549 0.021737 0.043473 0.021737
0.0019100 0.017881 -0.244285 0.017881 0.035762 0.017881
0.0019200 0.013823 -0.262167 0.013823 0.027645 0.013823
0.0019300 0.009622 -0.275989 0.009622 0.019245 0.009622
0.0019400 0.005344 -0.285612 0.005344 0.010687 0.005344
0.0019500 0.001049 -0.290955 0.001049 0.002099 0.001049
0.0019600 -0.003198 -0.292005 -0.003198 -0.006395 -0.003198
0.0019700 -0.007337 -0.288807 -0.007337 -0.014674 -0.007337
0.0019800 -0.011310 -0.281470 -0.011310 -0.022620 -0.011310
0.0019900 -0.015061 -0.270160 -0.015061 -0.030123 -0.015061
0.0020000 -0.018540 -0.255099 -0.018540 -0.037080 -0.018540
0.0020100 -0.021700 -0.236558 -0.021700 -0.043400 -0.021700
0.0020200 -0.024499 -0.214859 -0.024499 -0.048999 -0.024499
0.0020300 -0.026903 -0.190359 -0.026903 -0.053806 -0.026903
0.0020400 -0.028882 -0.163456 -0.028882 -0.057764 -0.028882
0.0020500 -0.030414 -0.134574 -0.030414 -0.060828 -0.030414
0.0020600 -0.031483 -0.104160 -0.031483 -0.062965 -0.031483
0.0020700 -0.032080 -0.072678 -0.032080 -0.064159 -0.032080
0.0020800 -0.032203 -0.040598 -0.032203 -0.064406 -0.032203
0.0020900 -0.031858 -0.008395 -0.031858 -0.063716 -0.031858
0.0021000 -0.031056 0.023463 -0.031056 -0.062113 -0.031056
0.0021100 -0.029816 0.054519 -0.029816 -0.059632 -0.029816
0.0021200 -0.028162 0.084335 -0.028162 -0.056323 -0.028162
0.0021300 -0.026123 0.112497 -0.026123 -0.052246 -0.026123
0.0021400 -0.023736 0.138620 -0.023736 -0.047471 -0.023736
0.0021500 -0.021039 0.162356 -0.021039 -0.042077 -0.021039
0.0021600 -0.018076 0.183395 -0.018076 -0.036152 -0.018076
0.0021700 -0.014894 0.201470 -0.014894 -0.029788 -0.014894
0.0021800 -0.011542 0.216364 -0.011542 -0.023085 -0.011542
0.0021900 -0.008072 0.227907 -0.008072 -0.016144 -0.008072
0.0022000 -0.004535 0.235979 -0.004535 -0.009070 -0.004535
0.0022100 -0.000984 0.240514 -0.000984 -0.001967 -0.000984
0.0022200 0.002531 0.241498 0.002531 0.005061 0.002531
0.0022300 0.005957 0.238967 0.005957 0.011914 0.005957
0.0022400 0.009248 0.233010 0.009248 0.018496 0.009248
0.0022500 0.012357 0.223762 0.012357 0.024713 0.012357
0.0022600 0.015241 0.211406 0.015241 0.030483 0.015241
0.0022700 0.017864 0.196164 0.017864 0.035727 0.017864
0.0022800 0.020189 0.178301 0.020189 0.040377 0.020189
0.0022900 0.022188 0.158112 0.022188 0.044375 0.022188
0.0023000 0.023836 0.135925 0.023836 0.047672 0.023836
0.0023100 0.025115 0.112089 0.025115 0.050230 0.025115
0.0023200 0.026011 0.086974 0.026011 0.052023 0.026011
0.0023300 0.026518 0.060962 0.026518 0.053036 0.026518
0.0023400 0.026633 0.034444 0.026633 0.053266 0.026633
0.0023500 0.026360 0.007811 0.026360 0.052720 0.026360
0.0023600 0.025709 -0.018549 0.025709 0.051419 0.025709
0.0023700 0.024695 -0.044258 0.024695 0.049390 0.024695
0.0023800 0.023338 -0.068953 0.023338 0.046676 0.023338
0.0023900 0.021662 -0.092291 0.021662 0.043324 0.021662
0.0024000 0.019697 -0.113953 0.019697 0.039394 0.019697
0.0024100 0.017474 -0.133650 0.017474 0.034949 0.017474
0.0024200 0.015031 -0.151125 0.015031 0.030062 0.015031
0.0024300 0.012405 -0.166156 0.012405 0.024810 0.012405
0.0024400 0.009637 -0.178561 0.009637 0.019275 0.009637
0.0024500 0.006770 -0.188198 0.006770 0.013540 0.006770
0.0024600 0.003846 -0.194968 0.003846 0.007693 0.003846
0.0024700 0.000909 -0.198815 0.000909 0.001819 0.000909
0.0024800 -0.001998 -0.199724 -0.001998 -0.003997 -0.001998
0.0024900 -0.004835 -0.197726 -0.004835 -0.009670 -0.004835
0.0025000 -0.007560 -0.192891 -0.007560 -0.015121 -0.007560
0.0025100 -0.010137 -0.185330 -0.010137 -0.020274 -0.010137
0.0025200 -0.012529 -0.175193 -0.012529 -0.025058 -0.012529
0.0025300 -0.014705 -0.162665 -0.014705 -0.029410 -0.014705
0.0025400 -0.016636 -0.147960 -0.016636 -0.033272 -0.016636
0.0025500 -0.018298 -0.131324 -0.018298 -0.036596 -0.018298
0.0025600 -0.019671 -0.113025 -0.019671 -0.039342 -0.019671
0.0025700 -0.020739 -0.093354 -0.020739 -0.041478 -0.020739
0.0025800 -0.021491 -0.072616 -0.021491 -0.042982 -0.021491
0.0025900 -0.021920 -0.051125 -0.021920 -0.043840 -0.021920
0.0026000 -0.022026 -0.029205 -0.022026 -0.044052 -0.022026
0.0026100 -0.021811 -0.007179 -0.021811 -0.043621 -0.021811
0.0026200 -0.021282 0.014632 -0.021282 -0.042565 -0.021282
0.0026300 -0.020454 0.035914 -0.020454 -0.040907 -0.020454
0.0026400 -0.019340 0.056368 -0.019340 -0.038680 -0.019340
0.0026500 -0.017963 0.075708 -0.017963 -0.035925 -0.017963
0.0026600 -0.016345 0.093671 -0.016345 -0.032690 -0.016345
0.0026700 -0.014513 0.110016 -0.014513 -0.029027 -0.014513
0.0026800 -0.012498 0.124529 -0.012498 -0.024997 -0.012498
0.0026900 -0.010331 0.137028 -0.010331 -0.020663 -0.010331
0.0027000 -0.008046 0.147359 -0.008046 -0.016092 -0.008046
0.0027100 -0.005677 0.155405 -0.005677 -0.011354 -0.005677
0.0027200 -0.003260 0.161082 -0.003260 -0.006521 -0.003260
0.0027300 -0.000831 0.164342 -0.000831 -0.001663 -0.000831
0.0027400 0.001575 0.165174 0.001575 0.003149 0.001575
0.0027500 0.003923 0.163599 0.003923 0.007845 0.003923
0.0027600 0.006180 0.159676 0.006180 0.012360 0.006180
0.0027700 0.008315 0.153496 0.008315 0.016630 0.008315
0.0027800 0.010299 0.145181 0.010299 0.020597 0.010299
0.0027900 0.012104 0.134883 0.012104 0.024208 0.012104
0.0028000 0.013708 0.122778 0.013708 0.027416 0.013708
0.0028100 0.015090 0.109070 0.015090 0.030180 0.015090
0.0028200 0.016234 0.093980 0.016234 0.032467 0.016234
0.0028300 0.017125 0.077746 0.017125 0.034250 0.017125
0.0028400 0.017755 0.060621 0.017755 0.035511 0.017755
0.0028500 0.018119 0.042866 0.018119 0.036239 0.018119
0.0028600 0.018215 0.024747 0.018215 0.036431 0.018215
0.0028700 0.018046 0.006531 0.018046 0.036092 0.018046
0.0028800 0.017618 -0.011515 0.017618 0.035235 0.017618
0.0028900 0.016940 -0.029132 0.016940 0.033880 0.016940
0.0029000 0.016027 -0.046073 0.016027 0.032054 0.016027
0.0029100 0.014895 -0.062099 0.014895 0.029789 0.014895
0.0029200 0.013563 -0.076994 0.013563 0.027126 0.013563
0.0029300 0.012054 -0.090557 0.012054 0.024108 0.012054
0.0029400 0.010392 -0.102611 0.010392 0.020784 0.010392
0.0029500 0.008604 -0.113003 0.008604 0.017208 0.008604
0.0029600 0.006717 -0.121607 0.006717 0.013433 0.006717
0.0029700 0.004760 -0.128323 0.004760 0.009519 0.004760
0.0029800 0.002762 -0.133083 0.002762 0.005524 0.002762
0.0029900 0.000753 -0.135845 0.000753 0.001506 0.000753
0.0030000 -0.001238 -0.136598 -0.001238 -0.002475 -0.001238
0.0030100 -0.003181 -0.135360 -0.003181 -0.006363 -0.003181
0.0030200 -0.005051 -0.132179 -0.005051 -0.010102 -0.005051
0.0030300 -0.006820 -0.127128 -0.006820 -0.013640 -0.006820
0.0030400 -0.008465 -0.120308 -0.008465 -0.016930 -0.008465
0.0030500 -0.009963 -0.111843 -0.009963 -0.019926 -0.009963
0.0030600 -0.011295 -0.101880 -0.011295 -0.022590 -0.011295
0.0030700 -0.012444 -0.090585 -0.012444 -0.024889 -0.012444
0.0030800 -0.013396 -0.078140 -0.013396 -0.026793 -0.013396
0.0030900 -0.014141 -0.064744 -0.014141 -0.028281 -0.014141
0.0031000 -0.014669 -0.050603 -0.014669 -0.029338 -0.014669
0.0031100 -0.014977 -0.035934 -0.014977 -0.029955 -0.014977
0.0031200 -0.015064 -0.020957 -0.015064 -0.030128 -0.015064
0.0031300 -0.014931 -0.005893 -0.014931 -0.029862 -0.014931
0.0031400 -0.014584 0.009038 -0.014584 -0.029167 -0.014584
0.0031500 -0.014030 0.023622 -0.014030 -0.028060 -0.014030
0.0031600 -0.013281 0.037652 -0.013281 -0.026562 -0.013281
0.0031700 -0.012350 0.050933 -0.012350 -0.024701 -0.012350
0.0031800 -0.011254 0.063283 -0.011254 -0.022508 -0.011254
0.0031900 -0.010011 0.074537 -0.010011 -0.020022 -0.010011
0.0032000 -0.008640 0.084548 -0.008640 -0.017281 -0.008640
0.0032100 -0.007165 0.093188 -0.007165 -0.014329 -0.007165
0.0032200 -0.005606 0.100353 -0.005606 -0.011213 -0.005606
0.0032300 -0.003990 0.105959 -0.003990 -0.007979 -0.003990
0.0032400 -0.002338 0.109949 -0.002338 -0.004676 -0.002338
0.0032500 -0.000677 0.112287 -0.000677 -0.001354 -0.000677
0.0032600 0.000970 0.112964 0.000970 0.001940 0.000970
0.0032700 0.002579 0.111994 0.002579 0.005158 0.002579
0.0032800 0.004127 0.109415 0.004127 0.008255 0.004127
0.0032900 0.005593 0.105288 0.005593 0.011187 0.005593
0.0033000 0.006957 0.099694 0.006957 0.013914 0.006957
0.0033100 0.008200 0.092737 0.008200 0.016401 0.008200
0.0033200 0.009307 0.084537 0.009307 0.018614 0.009307
0.0033300 0.010262 0.075230 0.010262 0.020524 0.010262
0.0033400 0.011055 0.064968 0.011055 0.022110 0.011055
0.0033500 0.011676 0.053913 0.011676 0.023352 0.011676
0.0033600 0.012119 0.042237 0.012119 0.024238 0.012119
0.0033700 0.012380 0.030118 0.012380 0.024760 0.012380
0.0033800 0.012458 0.017738 0.012458 0.024915 0.012458
0.0033900 0.012354 0.005280 0.012354 0.024707 0.012354
0.0034000 0.012072 -0.007073 0.012072 0.024144 0.012072
0.0034100 0.011620 -0.019145 0.011620 0.023239 0.011620
0.0034200 0.011005 -0.030765 0.011005 0.022011 0.011005
0.0034300 0.010240 -0.041770 0.010240 0.020481 0.010240
0.0034400 0.009338 -0.052011 0.009338 0.018676 0.009338
0.0034500 0.008314 -0.061349 0.008314 0.016628 0.008314
0.0034600 0.007184 -0.069663 0.007184 0.014367 0.007184
0.0034700 0.005966 -0.076846 0.005966 0.011932 0.005966
0.0034800 0.004679 -0.082812 0.004679 0.009358 0.004679
0.0034900 0.003343 -0.087491 0.003343 0.006687 0.003343
0.0035000 0.001979 -0.090835 0.001979 0.003957 0.001979
0.0035100 0.000605 -0.092813 0.000605 0.001209 0.000605
0.0035200 -0.000758 -0.093418 -0.000758 -0.001516 -0.000758
0.0035300 -0.002090 -0.092660 -0.002090 -0.004180 -0.002090
0.0035400 -0.003372 -0.090570 -0.003372 -0.006744 -0.003372
0.0035500 -0.004587 -0.087198 -0.004587 -0.009174 -0.004587
0.0035600 -0.005718 -0.082611 -0.005718 -0.011436 -0.005718
0.0035700 -0.006749 -0.076893 -0.006749 -0.013499 -0.006749
0.0035800 -0.007668 -0.070144 -0.007668 -0.015336 -0.007668
0.0035900 -0.008462 -0.062476 -0.008462 -0.016925 -0.008462
0.0036000 -0.009123 -0.054013 -0.009123 -0.018245 -0.009123
0.0036100 -0.009641 -0.044891 -0.009641 -0.019282 -0.009641
0.0036200 -0.010012 -0.035250 -0.010012 -0.020024 -0.010012
0.0036300 -0.010233 -0.025238 -0.010233 -0.020466 -0.010233
0.0036400 -0.010302 -0.015005 -0.010302 -0.020604 -0.010302
0.0036500 -0.010221 -0.004703 -0.010221 -0.020442 -0.010221
0.0036600 -0.009993 0.005518 -0.009993 -0.019985 -0.009993
0.0036700 -0.009623 0.015510 -0.009623 -0.019246 -0.009623
0.0036800 -0.009119 0.025133 -0.009119 -0.018239 -0.009119
0.0036900 -0.008491 0.034253 -0.008491 -0.016982 -0.008491
0.0037000 -0.007748 0.042744 -0.007748 -0.015496 -0.007748
0.0037100 -0.006904 0.050492 -0.006904 -0.013808 -0.006904
0.0037200 -0.005972 0.057396 -0.005972 -0.011945 -0.005972
0.0037300 -0.004967 0.063368 -0.004967 -0.009935 -0.004967
0.0037400 -0.003905 0.068336 -0.003905 -0.007810 -0.003905
0.0037500 -0.002801 0.072241 -0.002801 -0.005603 -0.002801
0.0037600 -0.001673 0.075042 -0.001673 -0.003347 -0.001673
0.0037700 -0.000537 0.076715 -0.000537 -0.001074 -0.000537
0.0037800 0.000590 0.077253 0.000590 0.001180 0.000590
0.0037900 0.001693 0.076662 0.001693 0.003385 0.001693
0.0038000 0.002755 0.074970 0.002755 0.005509 0.002755
0.0038100 0.003761 0.072215 0.003761 0.007523 0.003761
0.0038200 0.004699 0.068454 0.004699 0.009398 0.004699
0.0038300 0.005555 0.063755 0.005555 0.011110 0.005555
0.0038400 0.006318 0.058200 0.006318 0.012636 0.006318
0.0038500 0.006978 0.051882 0.006978 0.013956 0.006978
0.0038600 0.007528 0.044904 0.007528 0.015056 0.007528
0.0038700 0.007960 0.037376 0.007960 0.015921 0.007960
0.0038800 0.008271 0.029416 0.008271 0.016543 0.008271
0.0038900 0.008458 0.021145 0.008458 0.016916 0.008458
0.0039000 0.008519 0.012687 0.008519 0.017038 0.008519
0.0039100 0.008456 0.004168 0.008456 0.016912 0.008456
0.0039200 0.008271 -0.004289 0.008271 0.016543 0.008271
0.0039300 0.007970 -0.012560 0.007970 0.015939 0.007970
0.0039400 0.007556 -0.020529 0.007556 0.015113 0.007556
0.0039500 0.007040 -0.028086 0.007040 0.014080 0.007040
0.0039600 0.006429 -0.035126 0.006429 0.012858 0.006429
0.0039700 0.005733 -0.041555 0.005733 0.011467 0.005733
0.0039800 0.004965 -0.047288 0.004965 0.009930 0.004965
0.0039900 0.004136 -0.052253 0.004136 0.008271 0.004136
0.0040000 0.003259 -0.056389 0.003259 0.006517 0.003259
0.0040100 0.002347 -0.059647 0.002347 0.004694 0.002347
0.0040200 0.001414 -0.061994 0.001414 0.002829 0.001414
0.0040300 0.000475 -0.063409 0.000475 0.000950 0.000475
0.0040400 -0.000458 -0.063884 -0.000458 -0.000916 -0.000458
0.0040500 -0.001370 -0.063426 -0.001370 -0.002741 -0.001370
0.0040600 -0.002250 -0.062055 -0.002250 -0.004500 -0.002250
0.0040700 -0.003084 -0.059806 -0.003084 -0.006168 -0.003084
0.0040800 -0.003861 -0.056722 -0.003861 -0.007723 -0.003861
0.0040900 -0.004571 -0.052860 -0.004571 -0.009143 -0.004571
0.0041000 -0.005205 -0.048289 -0.005205 -0.010410 -0.005205
0.0041100 -0.005754 -0.043084 -0.005754 -0.011508 -0.005754
0.0041200 -0.006212 -0.037330 -0.006212 -0.012423 -0.006212
0.0041300 -0.006573 -0.031118 -0.006573 -0.013145 -0.006573
0.0041400 -0.006833 -0.024545 -0.006833 -0.013666 -0.006833
0.0041500 -0.006991 -0.017712 -0.006991 -0.013982 -0.006991
0.0041600 -0.007045 -0.010722 -0.007045 -0.014090 -0.007045
0.0041700 -0.006996 -0.003677 -0.006996 -0.013992 -0.006996
0.0041800 -0.006847 0.003319 -0.006847 -0.013693 -0.006847
0.0041900 -0.006600 0.010166 -0.006600 -0.013200 -0.006600
0.0042000 -0.006261 0.016766 -0.006261 -0.012523 -0.006261
0.0042100 -0.005837 0.023027 -0.005837 -0.011674 -0.005837
0.0042200 -0.005334 0.028864 -0.005334 -0.010668 -0.005334
0.0042300 -0.004761 0.034198 -0.004761 -0.009522 -0.004761
0.0042400 -0.004127 0.038959 -0.004127 -0.008255 -0.004127
0.0042500 -0.003443 0.043086 -0.003443 -0.006886 -0.003443
0.0042600 -0.002719 0.046529 -0.002719 -0.005438 -0.002719
0.0042700 -0.001966 0.049248 -0.001966 -0.003932 -0.001966
0.0042800 -0.001195 0.051214 -0.001195 -0.002390 -0.001195
0.0042900 -0.000418 0.052409 -0.000418 -0.000836 -0.000418
0.0043000 0.000354 0.052827 0.000354 0.000707 0.000354
0.0043100 0.001109 0.052474 0.001109 0.002218 0.001109
0.0043200 0.001837 0.051365 0.001837 0.003674 0.001837
0.0043300 0.002528 0.049528 0.002528 0.005057 0.002528
0.0043400 0.003173 0.046999 0.003173 0.006346 0.003173
0.0043500 0.003762 0.043826 0.003762 0.007524 0.003762
0.0043600 0.004288 0.040064 0.004288 0.008576 0.004288
0.0043700 0.004745 0.035776 0.004745 0.009489 0.004745
0.0043800 0.005126 0.031032 0.005126 0.010251 0.005126
0.0043900 0.005427 0.025906 0.005427 0.010853 0.005427
0.0044000 0.005645 0.020479 0.005645 0.011290 0.005645
0.0044100 0.005778 0.014835 0.005778 0.011556 0.005778
0.0044200 0.005826 0.009057 0.005826 0.011651 0.005826
0.0044300 0.005788 0.003231 0.005788 0.011576 0.005788
0.0044400 0.005667 -0.002557 0.005667 0.011334 0.005667
0.0044500 0.005466 -0.008224 0.005466 0.010931 0.005466
0.0044600 0.005188 -0.013690 0.005188 0.010376 0.005188
0.0044700 0.004839 -0.018878 0.004839 0.009679 0.004839
0.0044800 0.004425 -0.023717 0.004425 0.008851 0.004425
0.0044900 0.003953 -0.028142 0.003953 0.007907 0.003953
0.0045000 0.003431 -0.032096 0.003431 0.006862 0.003431
0.0045100 0.002866 -0.035527 0.002866 0.005733 0.002866
0.0045200 0.002268 -0.038393 0.002268 0.004537 0.002268
0.0045300 0.001646 -0.040662 0.001646 0.003292 0.001646
0.0045400 0.001009 -0.042308 0.001009 0.002018 0.001009
0.0045500 0.000367 -0.043317 0.000367 0.000734 0.000367
0.0045600 -0.000272 -0.043684 -0.000272 -0.000543 -0.000272
0.0045700 -0.000897 -0.043412 -0.000897 -0.001794 -0.000897
0.0045800 -0.001500 -0.042515 -0.001500 -0.003000 -0.001500
0.0045900 -0.002073 -0.041015 -0.002073 -0.004145 -0.002073
0.0046000 -0.002607 -0.038943 -0.002607 -0.005214 -0.002607
0.0046100 -0.003096 -0.036336 -0.003096 -0.006192 -0.003096
0.0046200 -0.003533 -0.033240 -0.003533 -0.007065 -0.003533
0.0046300 -0.003912 -0.029707 -0.003912 -0.007824 -0.003912
0.0046400 -0.004229 -0.025795 -0.004229 -0.008458 -0.004229
0.0046500 -0.004480 -0.021566 -0.004480 -0.008961 -0.004480
0.0046600 -0.004663 -0.017085 -0.004663 -0.009326 -0.004663
0.0046700 -0.004776 -0.012422 -0.004776 -0.009551 -0.004776
0.0046800 -0.004817 -0.007647 -0.004817 -0.009634 -0.004817
0.0046900 -0.004788 -0.002829 -0.004788 -0.009577 -0.004788
0.0047000 -0.004691 0.001959 -0.004691 -0.009381 -0.004691
0.0047100 -0.004526 0.006650 -0.004526 -0.009053 -0.004526
0.0047200 -0.004299 0.011176 -0.004299 -0.008597 -0.004299
0.0047300 -0.004012 0.015475 -0.004012 -0.008024 -0.004012
0.0047400 -0.003672 0.019487 -0.003672 -0.007343 -0.003672
0.0047500 -0.003283 0.023158 -0.003283 -0.006565 -0.003283
0.0047600 -0.002852 0.026441 -0.002852 -0.005704 -0.002852
0.0047700 -0.002386 0.029293 -0.002386 -0.004772 -0.002386
0.0047800 -0.001892 0.031679 -0.001892 -0.003785 -0.001892
0.0047900 -0.001378 0.033571 -0.001378 -0.002757 -0.001378
0.0048000 -0.000852 0.034950 -0.000852 -0.001704 -0.000852
0.0048100 -0.000321 0.035802 -0.000321 -0.000641 -0.000321
0.0048200 0.000207 0.036122 0.000207 0.000415 0.000207
0.0048300 0.000725 0.035915 0.000725 0.001450 0.000725
0.0048400 0.001224 0.035190 0.001224 0.002449 0.001224
0.0048500 0.001699 0.033966 0.001699 0.003398 0.001699
0.0048600 0.002142 0.032267 0.002142 0.004284 0.002142
0.0048700 0.002548 0.030125 0.002548 0.005095 0.002548
0.0048800 0.002910 0.027577 0.002910 0.005821 0.002910
0.0048900 0.003226 0.024667 0.003226 0.006451 0.003226
0.0049000 0.003490 0.021441 0.003490 0.006979 0.003490
0.0049100 0.003699 0.017952 0.003699 0.007398 0.003699
0.0049200 0.003852 0.014253 0.003852 0.007704 0.003852
0.0049300 0.003947 0.010400 0.003947 0.007894 0.003947
0.0049400 0.003983 0.006453 0.003983 0.007967 0.003983
0.0049500 0.003961 0.002470 0.003961 0.007923 0.003961
0.0049600 0.003882 -0.001491 0.003882 0.007765 0.003882
0.0049700 0.003748 -0.005374 0.003748 0.007496 0.003748
0.0049800 0.003562 -0.009122 0.003562 0.007123 0.003562
0.0049900 0.003326 -0.012684 0.003326 0.006653 0.003326
0.0050000 0.003046 -0.016010 0.003046 0.006092 0.003046
0.0050100 0.002726 -0.019056 0.002726 0.005451 0.002726
0.0050200 0.002371 -0.021782 0.002371 0.004741 0.002371
0.0050300 0.001986 -0.024152 0.001986 0.003972 0.001986
0.0050400 0.001579 -0.026138 0.001579 0.003157 0.001579
0.0050500 0.001154 -0.027717 0.001154 0.002308 0.001154
0.0050600 0.000719 -0.028871 0.000719 0.001438 0.000719
0.0050700 0.000280 -0.029590 0.000280 0.000559 0.000280
0.0050800 -0.000157 -0.029869 -0.000157 -0.000315 -0.000157
0.0050900 -0.000586 -0.029712 -0.000586 -0.001171 -0.000586
0.0051000 -0.000999 -0.029126 -0.000999 -0.001999 -0.000999
0.0051100 -0.001392 -0.028127 -0.001392 -0.002785 -0.001392
0.0051200 -0.001760 -0.026735 -0.001760 -0.003520 -0.001760
0.0051300 -0.002096 -0.024975 -0.002096 -0.004192 -0.002096
0.0051400 -0.002397 -0.022879 -0.002397 -0.004795 -0.002397
0.0051500 -0.002659 -0.020481 -0.002659 -0.005319 -0.002659
0.0051600 -0.002879 -0.017822 -0.002879 -0.005758 -0.002879
0.0051700 -0.003054 -0.014942 -0.003054 -0.006108 -0.003054
0.0051800 -0.003182 -0.011888 -0.003182 -0.006364 -0.003182
0.0051900 -0.003262 -0.008706 -0.003262 -0.006524 -0.003262
0.0052000 -0.003294 -0.005444 -0.003294 -0.006588 -0.003294
0.0052100 -0.003277 -0.002150 -0.003277 -0.006554 -0.003277
0.0052200 -0.003213 0.001127 -0.003213 -0.006427 -0.003213
0.0052300 -0.003104 0.004340 -0.003104 -0.006208 -0.003104
0.0052400 -0.002951 0.007444 -0.002951 -0.005902 -0.002951
0.0052500 -0.002758 0.010395 -0.002758 -0.005515 -0.002758
0.0052600 -0.002527 0.013153 -0.002527 -0.005054 -0.002527
0.0052700 -0.002263 0.015680 -0.002263 -0.004526 -0.002263
0.0052800 -0.001970 0.017943 -0.001970 -0.003941 -0.001970
0.0052900 -0.001653 0.019913 -0.001653 -0.003306 -0.001653
0.0053000 -0.001317 0.021566 -0.001317 -0.002633 -0.001317
0.0053100 -0.000966 0.022883 -0.000966 -0.001932 -0.000966
0.0053200 -0.000606 0.023849 -0.000606 -0.001213 -0.000606
0.0053300 -0.000243 0.024455 -0.000243 -0.000486 -0.000243
0.0053400 0.000118 0.024698 0.000118 0.000237 0.000118
0.0053500 0.000473 0.024580 0.000473 0.000946 0.000473
0.0053600 0.000815 0.024107 0.000815 0.001631 0.000815
0.0053700 0.001141 0.023292 0.001141 0.002282 0.001141
0.0053800 0.001446 0.022150 0.001446 0.002891 0.001446
0.0053900 0.001725 0.020705 0.001725 0.003450 0.001725
0.0054000 0.001975 0.018980 0.001975 0.003950 0.001975
0.0054100 0.002193 0.017005 0.002193 0.004385 0.002193
0.0054200 0.002376 0.014813 0.002376 0.004751 0.002376
0.0054300 0.002521 0.012437 0.002521 0.005043 0.002521
0.0054400 0.002629 0.009916 0.002629 0.005257 0.002629
0.0054500 0.002696 0.007287 0.002696 0.005392 0.002696
0.0054600 0.002724 0.004591 0.002724 0.005447 0.002724
0.0054700 0.002711 0.001867 0.002711 0.005422 0.002711
0.0054800 0.002660 -0.000844 0.002660 0.005319 0.002660
0.0054900 0.002570 -0.003503 0.002570 0.005141 0.002570
0.0055000 0.002445 -0.006074 0.002445 0.004890 0.002445
0.0055100 0.002286 -0.008519 0.002286 0.004572 0.002286
0.0055200 0.002096 -0.010805 0.002096 0.004193 0.002096
0.0055300 0.001879 -0.012901 0.001879 0.003758 0.001879
0.0055400 0.001638 -0.014780 0.001638 0.003275 0.001638
0.0055500 0.001376 -0.016418 0.001376 0.002752 0.001376
0.0055600 0.001098 -0.017794 0.001098 0.002196 0.001098
0.0055700 0.000808 -0.018892 0.000808 0.001617 0.000808
0.0055800 0.000511 -0.019700 0.000511 0.001022 0.000511
0.0055900 0.000211 -0.020211 0.000211 0.000422 0.000211
0.0056000 -0.000088 -0.020422 -0.000088 -0.000176 -0.000088
0.0056100 -0.000382 -0.020334 -0.000382 -0.000763 -0.000382
0.0056200 -0.000665 -0.019952 -0.000665 -0.001330 -0.000665
0.0056300 -0.000935 -0.019287 -0.000935 -0.001870 -0.000935
0.0056400 -0.001188 -0.018352 -0.001188 -0.002375 -0.001188
0.0056500 -0.001419 -0.017165 -0.001419 -0.002838 -0.001419
0.0056600 -0.001627 -0.015745 -0.001627 -0.003253 -0.001627
0.0056700 -0.001808 -0.014119 -0.001808 -0.003616 -0.001808
0.0056800 -0.001960 -0.012311 -0.001960 -0.003920 -0.001960
0.0056900 -0.002082 -0.010351 -0.002082 -0.004163 -0.002082
0.0057000 -0.002171 -0.008269 -0.002171 -0.004343 -0.002171
0.0057100 -0.002228 -0.006098 -0.002228 -0.004456 -0.002228
0.0057200 -0.002252 -0.003870 -0.002252 -0.004504 -0.002252
0.0057300 -0.002243 -0.001618 -0.002243 -0.004486 -0.002243
0.0057400 -0.002201 0.000625 -0.002201 -0.004402 -0.002201
0.0057500 -0.002128 0.002826 -0.002128 -0.004257 -0.002128
0.0057600 -0.002026 0.004954 -0.002026 -0.004051 -0.002026
0.0057700 -0.001895 0.006980 -0.001895 -0.003790 -0.001895
0.0057800 -0.001739 0.008875 -0.001739 -0.003478 -0.001739
0.0057900 -0.001560 0.010614 -0.001560 -0.003120 -0.001560
0.0058000 -0.001361 0.012175 -0.001361 -0.002722 -0.001361
0.0058100 -0.001145 0.013536 -0.001145 -0.002290 -0.001145
0.0058200 -0.000916 0.014681 -0.000916 -0.001832 -0.000916
0.0058300 -0.000676 0.015596 -0.000676 -0.001353 -0.000676
0.0058400 -0.000431 0.016273 -0.000431 -0.000862 -0.000431
0.0058500 -0.000182 0.016704 -0.000182 -0.000365 -0.000182
0.0058600 0.000065 0.016886 0.000065 0.000130 0.000065
0.0058700 0.000308 0.016821 0.000308 0.000615 0.000308
0.0058800 0.000543 0.016514 0.000543 0.001085 0.000543
0.0058900 0.000766 0.015971 0.000766 0.001532 0.000766
0.0059000 0.000975 0.015205 0.000975 0.001951 0.000975
0.0059100 0.001168 0.014229 0.001168 0.002335 0.001168
0.0059200 0.001340 0.013062 0.001340 0.002680 0.001340
0.0059300 0.001490 0.011722 0.001490 0.002981 0.001490
0.0059400 0.001617 0.010232 0.001617 0.003234 0.001617
0.0059500 0.001718 0.008614 0.001718 0.003437 0.001718
0.0059600 0.001794 0.006896 0.001794 0.003587 0.001794
0.0059700 0.001841 0.005102 0.001841 0.003683 0.001841
0.0059800 0.001862 0.003261 0.001862 0.003724 0.001862
0.0059900 0.001855 0.001399 0.001855 0.003711 0.001855
0.0060000 0.001822 -0.000456 0.001822 0.003644 0.001822
