t 1 2 3 4 5 15 16 12 11 10 8 9 jV0900 
0 0 0 0 0 0 0 0 7.49999e-06 7.49999e-06 7.49999e-06 7.49999e-06 0 0
3e-05 0 0 0 0 0 0 0 4.99667 4.99667 4.99667 4.99667 0 0
6e-05 0 0 0 0 0 0 0 5 5 5 5 0 0
9e-05 0 0 0 0 0 0 0 5 5 5 5 0 0
0.00012 0 0 0 0 0 0 0 5 5 5 5 0 0
0.00015 0 0 0 0 0 0 0 5 5 5 5 0 0
0.00018 0 0 0 0 0 0 0 5 5 5 5 0 0
0.00021 0 0 0 0 0 0 0 5 5 5 5 0 0
0.00024 0 0 0 0 0 0 0 5 5 5 5 0 0
0.00027 0 0 0 0 0 0 0 5 5 5 5 0 0
0.0003 0 0 0 0 0 0 0 5 5 5 5 0 0
0.00033 0 0 0 0 0 0 0 5 5 5 5 0 0
0.00036 0 0 0 0 0 0 0 5 5 5 5 0 0
0.00039 0 0 0 0 0 0 0 5 5 5 5 0 0
0.00042 0 0 0 0 0 0 0 5 5 5 5 0 0
0.00045 0 0 0 0 0 0 0 5 5 5 5 0 0
0.00048 0 0 0 0 0 0 0 5 5 5 5 0 0
0.00051 0.333528 0.000333084 0.00016668 8.33333e-05 4.99942 0 0 5 5 5 0.00333111 5 0
0.00054 0.333528 0.000333194 0.000166681 8.33611e-05 4.99942 0 0 5 5 5 2.21926e-06 5 0
0.00057 0.333528 0.000333195 0.000166681 8.33611e-05 4.99942 0 0 5 5 5 1.47852e-09 5 0
0.0006 0.333528 0.000333195 0.000166681 8.33611e-05 4.99942 0 0 5 5 5 9.85025e-13 5 0
0.00063 0.333528 0.000333195 0.000166681 8.33611e-05 4.99942 0 0 5 5 5 6.56246e-16 5 0
0.00066 0.333528 0.000333195 0.000166681 8.33611e-05 4.99942 0 0 5 5 5 4.37206e-19 5 0
0.00069 0.333528 0.000333195 0.000166681 8.33611e-05 4.99942 0 0 5 5 5 2.91276e-22 5 0
0.00072 0.333528 0.000333195 0.000166681 8.33611e-05 4.99942 0 0 5 5 5 1.94055e-25 5 0
0.00075 0.333528 0.000333195 0.000166681 8.33611e-05 4.99942 0 0 5 5 5 1.29284e-28 5 0
0.00078 0.333528 0.000333195 0.000166681 8.33611e-05 4.99942 0 0 5 5 5 8.61317e-32 5 0
0.00081 0.333528 0.000333195 0.000166681 8.33611e-05 4.99942 0 0 5 5 5 5.73829e-35 5 0
0.00084 0.333528 0.000333195 0.000166681 8.33611e-05 4.99942 0 0 5 5 5 3.82298e-38 5 0
0.00087 0.333528 0.000333195 0.000166681 8.33611e-05 4.99942 0 0 5 5 5 2.54695e-41 5 0
0.0009 0.333528 0.000333195 0.000166681 8.33611e-05 4.99942 0 0 5 5 5 1.69684e-44 5 0
0.00093 0.333528 0.000333195 0.000166681 8.33611e-05 4.99942 0 0 5 5 5 1.13047e-47 5 0
0.00096 0.333528 0.000333195 0.000166681 8.33611e-05 4.99942 0 0 5 5 5 7.53146e-51 5 0
0.00099 0.333528 0.000333195 0.000166681 8.33611e-05 4.99942 0 0 5 5 5 5.01763e-54 5 0
0.00102 0.333528 0.000333195 0.000166681 8.33611e-05 4.99942 0 0 5 5 5 3.34286e-57 0 0
0.00105 0.333528 0.000333195 0.000166681 8.33611e-05 4.99942 0 0 5 5 5 2.22709e-60 0 0
0.00108 0.333528 0.000333195 0.000166681 8.33611e-05 4.99942 0 0 5 5 5 1.48373e-63 0 0
0.00111 0.333528 0.000333195 0.000166681 8.33611e-05 4.99942 0 0 5 5 5 9.88497e-67 0 0
0.00114 0.333528 0.000333195 0.000166681 8.33611e-05 4.99942 0 0 5 5 5 6.58559e-70 0 0
0.00117 0.333528 0.000333195 0.000166681 8.33611e-05 4.99942 0 0 5 5 5 4.38747e-73 0 0
0.0012 0.333528 0.000333195 0.000166681 8.33611e-05 4.99942 0 0 5 5 5 2.92303e-76 0 0
0.00123 0.333528 0.000333195 0.000166681 8.33611e-05 4.99942 0 0 5 5 5 1.94739e-79 0 0
0.00126 0.333528 0.000333195 0.000166681 8.33611e-05 4.99942 0 0 5 5 5 1.29739e-82 0 0
0.00129 0.333528 0.000333195 0.000166681 8.33611e-05 4.99942 0 0 5 5 5 8.64353e-86 0 0
0.00132 0.333528 0.000333195 0.000166681 8.33611e-05 4.99942 0 0 5 5 5 5.75852e-89 0 0
0.00135 0.333528 0.000333195 0.000166681 8.33611e-05 4.99942 0 0 5 5 5 3.83645e-92 0 0
0.00138 0.333528 0.000333195 0.000166681 8.33611e-05 4.99942 0 0 5 5 5 2.55593e-95 0 0
0.00141 0.333528 0.000333195 0.000166681 8.33611e-05 4.99942 0 0 5 5 5 1.70282e-98 0 0
0.00144 0.333528 0.000333195 0.000166681 8.33611e-05 4.99942 0 0 5 5 5 1.13446e-101 0 0
0.00147 0.333528 0.000333195 0.000166681 8.33611e-05 4.99942 0 0 5 5 5 7.558e-105 0 0
0.0015 0.333528 0.000333195 0.000166681 8.33611e-05 4.99942 0 0 5 5 5 5.03531e-108 5.42101e-09 0
0.00153 0.66675 0.000665973 0.000333208 4.99725 8.33333e-05 0 0 5 5 0.00333111 4.99667 5 0
0.00156 0.666972 0.000666306 0.000333319 4.99892 8.33611e-05 0 0 5 5 2.21926e-06 5 5 0
0.00159 0.666972 0.000666306 0.000333319 4.99892 8.33611e-05 0 0 5 5 1.47852e-09 5 5 0
0.00162 0.666972 0.000666306 0.000333319 4.99892 8.33611e-05 0 0 5 5 9.85025e-13 5 5 0
0.00165 0.666972 0.000666306 0.000333319 4.99892 8.33611e-05 0 0 5 5 6.56246e-16 5 5 0
0.00168 0.666972 0.000666306 0.000333319 4.99892 8.33611e-05 0 0 5 5 4.37206e-19 5 5 0
0.00171 0.666972 0.000666306 0.000333319 4.99892 8.33611e-05 0 0 5 5 2.91276e-22 5 5 0
0.00174 0.666972 0.000666306 0.000333319 4.99892 8.33611e-05 0 0 5 5 1.94055e-25 5 5 0
0.00177 0.666972 0.000666306 0.000333319 4.99892 8.33611e-05 0 0 5 5 1.29284e-28 5 5 0
0.0018 0.666972 0.000666306 0.000333319 4.99892 8.33611e-05 0 0 5 5 8.61317e-32 5 5 0
0.00183 0.666972 0.000666306 0.000333319 4.99892 8.33611e-05 0 0 5 5 5.73829e-35 5 5 0
0.00186 0.666972 0.000666306 0.000333319 4.99892 8.33611e-05 0 0 5 5 3.82298e-38 5 5 0
0.00189 0.666972 0.000666306 0.000333319 4.99892 8.33611e-05 0 0 5 5 2.54695e-41 5 5 0
0.00192 0.666972 0.000666306 0.000333319 4.99892 8.33611e-05 0 0 5 5 1.69684e-44 5 5 0
0.00195 0.666972 0.000666306 0.000333319 4.99892 8.33611e-05 0 0 5 5 1.13047e-47 5 5 0
0.00198 0.666972 0.000666306 0.000333319 4.99892 8.33611e-05 0 0 5 5 7.53146e-51 5 5 0
0.00201 0.666972 0.000666306 0.000333319 4.99892 8.33611e-05 0 0 5 5 5.01763e-54 5 0 0
0.00204 0.666972 0.000666306 0.000333319 4.99892 8.33611e-05 0 0 5 5 3.34286e-57 5 0 0
0.00207 0.666972 0.000666306 0.000333319 4.99892 8.33611e-05 0 0 5 5 2.22709e-60 5 0 0
0.0021 0.666972 0.000666306 0.000333319 4.99892 8.33611e-05 0 0 5 5 1.48373e-63 5 0 0
0.00213 0.666972 0.000666306 0.000333319 4.99892 8.33611e-05 0 0 5 5 9.88497e-67 5 0 0
0.00216 0.666972 0.000666306 0.000333319 4.99892 8.33611e-05 0 0 5 5 6.58559e-70 5 0 0
0.00219 0.666972 0.000666306 0.000333319 4.99892 8.33611e-05 0 0 5 5 4.38747e-73 5 0 0
0.00222 0.666972 0.000666306 0.000333319 4.99892 8.33611e-05 0 0 5 5 2.92303e-76 5 0 0
0.00225 0.666972 0.000666306 0.000333319 4.99892 8.33611e-05 0 0 5 5 1.94739e-79 5 0 0
0.00228 0.666972 0.000666306 0.000333319 4.99892 8.33611e-05 0 0 5 5 1.29739e-82 5 0 0
0.00231 0.666972 0.000666306 0.000333319 4.99892 8.33611e-05 0 0 5 5 8.64353e-86 5 0 0
0.00234 0.666972 0.000666306 0.000333319 4.99892 8.33611e-05 0 0 5 5 5.75852e-89 5 0 0
0.00237 0.666972 0.000666306 0.000333319 4.99892 8.33611e-05 0 0 5 5 3.83645e-92 5 0 0
0.0024 0.666972 0.000666306 0.000333319 4.99892 8.33611e-05 0 0 5 5 2.55593e-95 5 0 0
0.00243 0.666972 0.000666306 0.000333319 4.99892 8.33611e-05 0 0 5 5 1.70282e-98 5 0 0
0.00246 0.666972 0.000666306 0.000333319 4.99892 8.33611e-05 0 0 5 5 1.13446e-101 5 0 0
0.00249 0.666972 0.000666306 0.000333319 4.99892 8.33611e-05 0 0 5 5 7.558e-105 5 0 0
0.00252 1.0005 0.000999389 0.0005 4.999 4.9995 0 0 5 5 5.03531e-108 0.00333111 5 0
0.00255 1.0005 0.0009995 0.0005 4.999 4.9995 0 0 5 5 3.35464e-111 2.21926e-06 5 0
0.00258 1.0005 0.0009995 0.0005 4.999 4.9995 0 0 5 5 2.23494e-114 1.47852e-09 5 0
0.00261 1.0005 0.0009995 0.0005 4.999 4.9995 0 0 5 5 1.48896e-117 9.85025e-13 5 0
0.00264 1.0005 0.0009995 0.0005 4.999 4.9995 0 0 5 5 9.91982e-121 6.56246e-16 5 0
0.00267 1.0005 0.0009995 0.0005 4.999 4.9995 0 0 5 5 6.60881e-124 4.37206e-19 5 0
0.0027 1.0005 0.0009995 0.0005 4.999 4.9995 0 0 5 5 4.40294e-127 2.91276e-22 5 0
0.00273 1.0005 0.0009995 0.0005 4.999 4.9995 0 0 5 5 2.93333e-130 1.94055e-25 5 0
0.00276 1.0005 0.0009995 0.0005 4.999 4.9995 0 0 5 5 1.95425e-133 1.29284e-28 5 0
0.00279 1.0005 0.0009995 0.0005 4.999 4.9995 0 0 5 5 1.30197e-136 8.61317e-32 5 0
0.00282 1.0005 0.0009995 0.0005 4.999 4.9995 0 0 5 5 8.674e-140 5.73829e-35 5 0
0.00285 1.0005 0.0009995 0.0005 4.999 4.9995 0 0 5 5 5.77882e-143 3.82298e-38 5 0
0.00288 1.0005 0.0009995 0.0005 4.999 4.9995 0 0 5 5 3.84998e-146 2.54695e-41 5 0
0.00291 1.0005 0.0009995 0.0005 4.999 4.9995 0 0 5 5 2.56494e-149 1.69684e-44 5 0
0.00294 1.0005 0.0009995 0.0005 4.999 4.9995 0 0 5 5 1.70882e-152 1.13047e-47 5 0
0.00297 1.0005 0.0009995 0.0005 4.999 4.9995 0 0 5 5 1.13846e-155 7.53146e-51 5 0
0.003 1.0005 0.0009995 0.0005 4.999 4.9995 0 0 5 5 7.58465e-159 5.01763e-54 5 0
0.00303 1.0005 0.0009995 0.0005 4.999 4.9995 0 0 5 5 5.05306e-162 3.34286e-57 0 0
0.00306 1.0005 0.0009995 0.0005 4.999 4.9995 0 0 5 5 3.36646e-165 2.22709e-60 0 0
0.00309 1.0005 0.0009995 0.0005 4.999 4.9995 0 0 5 5 2.24281e-168 1.48373e-63 0 0
0.00312 1.0005 0.0009995 0.0005 4.999 4.9995 0 0 5 5 1.49421e-171 9.88497e-67 0 0
0.00315 1.0005 0.0009995 0.0005 4.999 4.9995 0 0 5 5 9.95479e-175 6.58559e-70 0 0
0.00318 1.0005 0.0009995 0.0005 4.999 4.9995 0 0 5 5 6.6321e-178 4.38747e-73 0 0
0.00321 1.0005 0.0009995 0.0005 4.999 4.9995 0 0 5 5 4.41846e-181 2.92303e-76 0 0
0.00324 1.0005 0.0009995 0.0005 4.999 4.9995 0 0 5 5 2.94367e-184 1.94739e-79 0 0
0.00327 1.0005 0.0009995 0.0005 4.999 4.9995 0 0 5 5 1.96114e-187 1.29739e-82 0 0
0.0033 1.0005 0.0009995 0.0005 4.999 4.9995 0 0 5 5 1.30656e-190 8.64353e-86 0 0
0.00333 1.0005 0.0009995 0.0005 4.999 4.9995 0 0 5 5 8.70458e-194 5.75852e-89 0 0
0.00336 1.0005 0.0009995 0.0005 4.999 4.9995 0 0 5 5 5.79919e-197 3.83645e-92 0 0
0.00339 1.0005 0.0009995 0.0005 4.999 4.9995 0 0 5 5 3.86355e-200 2.55593e-95 0 0
0.00342 1.0005 0.0009995 0.0005 4.999 4.9995 0 0 5 5 2.57398e-203 1.70282e-98 0 0
0.00345 1.0005 0.0009995 0.0005 4.999 4.9995 0 0 5 5 1.71485e-206 1.13446e-101 0 0
0.00348 1.0005 0.0009995 0.0005 4.999 4.9995 0 0 5 5 1.14247e-209 7.558e-105 0 0
0.00351 1.33383 0.00133239 4.99817 0.00199863 0.000166708 0 0 5 0.00333111 4.99667 4.99667 5 0
0.00354 1.33361 0.00133228 4.99817 0.000333874 0.000166681 0 0 5 2.21926e-06 5 5 5 0
0.00357 1.33361 0.00133228 4.99817 0.00033332 0.000166681 0 0 5 1.47852e-09 5 5 5 0
0.0036 1.33361 0.00133228 4.99817 0.000333319 0.000166681 0 0 5 9.85025e-13 5 5 5 0
0.00363 1.33361 0.00133228 4.99817 0.000333319 0.000166681 0 0 5 6.56246e-16 5 5 5 0
0.00366 1.33361 0.00133228 4.99817 0.000333319 0.000166681 0 0 5 4.37206e-19 5 5 5 0
0.00369 1.33361 0.00133228 4.99817 0.000333319 0.000166681 0 0 5 2.91276e-22 5 5 5 0
0.00372 1.33361 0.00133228 4.99817 0.000333319 0.000166681 0 0 5 1.94055e-25 5 5 5 0
0.00375 1.33361 0.00133228 4.99817 0.000333319 0.000166681 0 0 5 1.29284e-28 5 5 5 0
0.00378 1.33361 0.00133228 4.99817 0.000333319 0.000166681 0 0 5 8.61317e-32 5 5 5 0
0.00381 1.33361 0.00133228 4.99817 0.000333319 0.000166681 0 0 5 5.73829e-35 5 5 5 0
0.00384 1.33361 0.00133228 4.99817 0.000333319 0.000166681 0 0 5 3.82298e-38 5 5 5 0
0.00387 1.33361 0.00133228 4.99817 0.000333319 0.000166681 0 0 5 2.54695e-41 5 5 5 0
0.0039 1.33361 0.00133228 4.99817 0.000333319 0.000166681 0 0 5 1.69684e-44 5 5 5 0
0.00393 1.33361 0.00133228 4.99817 0.000333319 0.000166681 0 0 5 1.13047e-47 5 5 5 0
0.00396 1.33361 0.00133228 4.99817 0.000333319 0.000166681 0 0 5 7.53146e-51 5 5 5 0
0.00399 1.33361 0.00133228 4.99817 0.000333319 0.000166681 0 0 5 5.01763e-54 5 5 5 0
0.00402 1.33361 0.00133228 4.99817 0.000333319 0.000166681 0 0 5 3.34286e-57 5 5 0 0
0.00405 1.33361 0.00133228 4.99817 0.000333319 0.000166681 0 0 5 2.22709e-60 5 5 0 0
0.00408 1.33361 0.00133228 4.99817 0.000333319 0.000166681 0 0 5 1.48373e-63 5 5 0 0
0.00411 1.33361 0.00133228 4.99817 0.000333319 0.000166681 0 0 5 9.88497e-67 5 5 0 0
0.00414 1.33361 0.00133228 4.99817 0.000333319 0.000166681 0 0 5 6.58559e-70 5 5 0 0
0.00417 1.33361 0.00133228 4.99817 0.000333319 0.000166681 0 0 5 4.38747e-73 5 5 0 0
0.0042 1.33361 0.00133228 4.99817 0.000333319 0.000166681 0 0 5 2.92303e-76 5 5 0 0
0.00423 1.33361 0.00133228 4.99817 0.000333319 0.000166681 0 0 5 1.94739e-79 5 5 0 0
0.00426 1.33361 0.00133228 4.99817 0.000333319 0.000166681 0 0 5 1.29739e-82 5 5 0 0
0.00429 1.33361 0.00133228 4.99817 0.000333319 0.000166681 0 0 5 8.64353e-86 5 5 0 0
0.00432 1.33361 0.00133228 4.99817 0.000333319 0.000166681 0 0 5 5.75852e-89 5 5 0 0
0.00435 1.33361 0.00133228 4.99817 0.000333319 0.000166681 0 0 5 3.83645e-92 5 5 0 0
0.00438 1.33361 0.00133228 4.99817 0.000333319 0.000166681 0 0 5 2.55593e-95 5 5 0 0
0.00441 1.33361 0.00133228 4.99817 0.000333319 0.000166681 0 0 5 1.70282e-98 5 5 0 0
0.00444 1.33361 0.00133228 4.99817 0.000333319 0.000166681 0 0 5 1.13446e-101 5 5 0 0
0.00447 1.33361 0.00133228 4.99817 0.000333319 0.000166681 0 0 5 7.558e-105 5 5 0 0
0.0045 1.33361 0.00133228 4.99817 0.000333319 0.000166681 0 0 5 5.03531e-108 5 5 2.1684e-09 0
0.00453 1.66714 0.00166536 4.99833 0.000416653 4.99958 0 0 5 3.35464e-111 5 0.00333111 5 0
0.00456 1.66714 0.00166547 4.99833 0.00041668 4.99958 0 0 5 2.23494e-114 5 2.21926e-06 5 0
0.00459 1.66714 0.00166547 4.99833 0.00041668 4.99958 0 0 5 1.48896e-117 5 1.47852e-09 5 0
0.00462 1.66714 0.00166547 4.99833 0.00041668 4.99958 0 0 5 9.91982e-121 5 9.85025e-13 5 0
0.00465 1.66714 0.00166547 4.99833 0.00041668 4.99958 0 0 5 6.60881e-124 5 6.56246e-16 5 0
0.00468 1.66714 0.00166547 4.99833 0.00041668 4.99958 0 0 5 4.40294e-127 5 4.37206e-19 5 0
0.00471 1.66714 0.00166547 4.99833 0.00041668 4.99958 0 0 5 2.93333e-130 5 2.91276e-22 5 0
0.00474 1.66714 0.00166547 4.99833 0.00041668 4.99958 0 0 5 1.95425e-133 5 1.94055e-25 5 0
0.00477 1.66714 0.00166547 4.99833 0.00041668 4.99958 0 0 5 1.30197e-136 5 1.29284e-28 5 0
0.0048 1.66714 0.00166547 4.99833 0.00041668 4.99958 0 0 5 8.674e-140 5 8.61317e-32 5 0
0.00483 1.66714 0.00166547 4.99833 0.00041668 4.99958 0 0 5 5.77882e-143 5 5.73829e-35 5 0
0.00486 1.66714 0.00166547 4.99833 0.00041668 4.99958 0 0 5 3.84998e-146 5 3.82298e-38 5 0
0.00489 1.66714 0.00166547 4.99833 0.00041668 4.99958 0 0 5 2.56494e-149 5 2.54695e-41 5 0
0.00492 1.66714 0.00166547 4.99833 0.00041668 4.99958 0 0 5 1.70882e-152 5 1.69684e-44 5 0
0.00495 1.66714 0.00166547 4.99833 0.00041668 4.99958 0 0 5 1.13846e-155 5 1.13047e-47 5 0
0.00498 1.66714 0.00166547 4.99833 0.00041668 4.99958 0 0 5 7.58465e-159 5 7.53146e-51 5 0
0.00501 1.66714 0.00166547 4.99833 0.00041668 4.99958 0 0 5 5.05306e-162 5 5.01763e-54 0 0
0.00504 1.66714 0.00166547 4.99833 0.00041668 4.99958 0 0 5 3.36646e-165 5 3.34286e-57 0 0
0.00507 1.66714 0.00166547 4.99833 0.00041668 4.99958 0 0 5 2.24281e-168 5 2.22709e-60 0 0
0.0051 1.66714 0.00166547 4.99833 0.00041668 4.99958 0 0 5 1.49421e-171 5 1.48373e-63 0 0
0.00513 1.66714 0.00166547 4.99833 0.00041668 4.99958 0 0 5 9.95479e-175 5 9.88497e-67 0 0
0.00516 1.66714 0.00166547 4.99833 0.00041668 4.99958 0 0 5 6.6321e-178 5 6.58559e-70 0 0
0.00519 1.66714 0.00166547 4.99833 0.00041668 4.99958 0 0 5 4.41846e-181 5 4.38747e-73 0 0
0.00522 1.66714 0.00166547 4.99833 0.00041668 4.99958 0 0 5 2.94367e-184 5 2.92303e-76 0 0
0.00525 1.66714 0.00166547 4.99833 0.00041668 4.99958 0 0 5 1.96114e-187 5 1.94739e-79 0 0
0.00528 1.66714 0.00166547 4.99833 0.00041668 4.99958 0 0 5 1.30656e-190 5 1.29739e-82 0 0
0.00531 1.66714 0.00166547 4.99833 0.00041668 4.99958 0 0 5 8.70458e-194 5 8.64353e-86 0 0
0.00534 1.66714 0.00166547 4.99833 0.00041668 4.99958 0 0 5 5.79919e-197 5 5.75852e-89 0 0
0.00537 1.66714 0.00166547 4.99833 0.00041668 4.99958 0 0 5 3.86355e-200 5 3.83645e-92 0 0
0.0054 1.66714 0.00166547 4.99833 0.00041668 4.99958 0 0 5 2.57398e-203 5 2.55593e-95 0 0
0.00543 1.66714 0.00166547 4.99833 0.00041668 4.99958 0 0 5 1.71485e-206 5 1.70282e-98 0 0
0.00546 1.66714 0.00166547 4.99833 0.00041668 4.99958 0 0 5 1.14247e-209 5 1.13446e-101 0 0
0.00549 1.66714 0.00166547 4.99833 0.00041668 4.99958 0 0 5 7.61138e-213 5 7.558e-105 0 0
0.00552 2.00036 0.00199825 4.9985 4.99758 0.000250014 0 0 5 5.07088e-216 0.00333111 4.99667 5 0
0.00555 2.00058 0.00199858 4.9985 4.99925 0.000250042 0 0 5 3.37833e-219 2.21926e-06 5 5 0
0.00558 2.00058 0.00199858 4.9985 4.99925 0.000250042 0 0 5 2.25072e-222 1.47852e-09 5 5 0
0.00561 2.00058 0.00199858 4.9985 4.99925 0.000250042 0 0 5 1.49948e-225 9.85025e-13 5 5 0
0.00564 2.00058 0.00199858 4.9985 4.99925 0.000250042 0 0 5 9.98988e-229 6.56246e-16 5 5 0
0.00567 2.00058 0.00199858 4.9985 4.99925 0.000250042 0 0 5 6.65548e-232 4.37206e-19 5 5 0
0.0057 2.00058 0.00199858 4.9985 4.99925 0.000250042 0 0 5 4.43403e-235 2.91276e-22 5 5 0
0.00573 2.00058 0.00199858 4.9985 4.99925 0.000250042 0 0 5 2.95405e-238 1.94055e-25 5 5 0
0.00576 2.00058 0.00199858 4.9985 4.99925 0.000250042 0 0 5 1.96806e-241 1.29284e-28 5 5 0
0.00579 2.00058 0.00199858 4.9985 4.99925 0.000250042 0 0 5 1.31116e-244 8.61317e-32 5 5 0
0.00582 2.00058 0.00199858 4.9985 4.99925 0.000250042 0 0 5 8.73526e-248 5.73829e-35 5 5 0
0.00585 2.00058 0.00199858 4.9985 4.99925 0.000250042 0 0 5 5.81963e-251 3.82298e-38 5 5 0
0.00588 2.00058 0.00199858 4.9985 4.99925 0.000250042 0 0 5 3.87717e-254 2.54695e-41 5 5 0
0.00591 2.00058 0.00199858 4.9985 4.99925 0.000250042 0 0 5 2.58306e-257 1.69684e-44 5 5 0
0.00594 2.00058 0.00199858 4.9985 4.99925 0.000250042 0 0 5 1.72089e-260 1.13047e-47 5 5 0
0.00597 2.00058 0.00199858 4.9985 4.99925 0.000250042 0 0 5 1.1465e-263 7.53146e-51 5 5 0
0.006 2.00058 0.00199858 4.9985 4.99925 0.000250042 0 0 5 7.63821e-267 5.01763e-54 5 5 0
0.00603 2.00058 0.00199858 4.9985 4.99925 0.000250042 0 0 5 5.08875e-270 3.34286e-57 5 0 0
0.00606 2.00058 0.00199858 4.9985 4.99925 0.000250042 0 0 5 3.39024e-273 2.22709e-60 5 0 0
0.00609 2.00058 0.00199858 4.9985 4.99925 0.000250042 0 0 5 2.25865e-276 1.48373e-63 5 0 0
0.00612 2.00058 0.00199858 4.9985 4.99925 0.000250042 0 0 5 1.50477e-279 9.88497e-67 5 0 0
0.00615 2.00058 0.00199858 4.9985 4.99925 0.000250042 0 0 5 1.00251e-282 6.58559e-70 5 0 0
0.00618 2.00058 0.00199858 4.9985 4.99925 0.000250042 0 0 5 6.67894e-286 4.38747e-73 5 0 0
0.00621 2.00058 0.00199858 4.9985 4.99925 0.000250042 0 0 5 4.44966e-289 2.92303e-76 5 0 0
0.00624 2.00058 0.00199858 4.9985 4.99925 0.000250042 0 0 5 2.96446e-292 1.94739e-79 5 0 0
0.00627 2.00058 0.00199858 4.9985 4.99925 0.000250042 0 0 5 1.97499e-295 1.29739e-82 5 0 0
0.0063 2.00058 0.00199858 4.9985 4.99925 0.000250042 0 0 5 1.31579e-298 8.64353e-86 5 0 0
0.00633 2.00058 0.00199858 4.9985 4.99925 0.000250042 0 0 5 8.76606e-302 5.75852e-89 5 0 0
0.00636 2.00058 0.00199858 4.9985 4.99925 0.000250042 0 0 5 5.84014e-305 3.83645e-92 5 0 0
0.00639 2.00058 0.00199858 4.9985 4.99925 0.000250042 0 0 5 3.89084e-308 2.55593e-95 5 0 0
0.00642 2.00058 0.00199858 4.9985 4.99925 0.000250042 0 0 5 2.59216e-311 1.70282e-98 5 0 0
0.00645 2.00058 0.00199858 4.9985 4.99925 0.000250042 0 0 5 1.72696e-314 1.13446e-101 5 0 0
0.00648 2.00058 0.00199858 4.9985 4.99925 0.000250042 0 0 5 1.15041e-317 7.558e-105 5 0 0
0.00651 2.33411 0.00233167 4.99867 4.99933 4.99967 0 0 5 9.87637e-321 5.03531e-108 0.00333111 5 0
0.00654 2.33411 0.00233178 4.99867 4.99933 4.99967 0 0 5 0 3.35464e-111 2.21926e-06 5 0
0.00657 2.33411 0.00233178 4.99867 4.99933 4.99967 0 0 5 0 2.23494e-114 1.47852e-09 5 0
0.0066 2.33411 0.00233178 4.99867 4.99933 4.99967 0 0 5 0 1.48896e-117 9.85025e-13 5 0
0.00663 2.33411 0.00233178 4.99867 4.99933 4.99967 0 0 5 0 9.91982e-121 6.56246e-16 5 0
0.00666 2.33411 0.00233178 4.99867 4.99933 4.99967 0 0 5 0 6.60881e-124 4.37206e-19 5 0
0.00669 2.33411 0.00233178 4.99867 4.99933 4.99967 0 0 5 0 4.40294e-127 2.91276e-22 5 0
0.00672 2.33411 0.00233178 4.99867 4.99933 4.99967 0 0 5 0 2.93333e-130 1.94055e-25 5 0
0.00675 2.33411 0.00233178 4.99867 4.99933 4.99967 0 0 5 0 1.95425e-133 1.29284e-28 5 0
0.00678 2.33411 0.00233178 4.99867 4.99933 4.99967 0 0 5 0 1.30197e-136 8.61317e-32 5 0
0.00681 2.33411 0.00233178 4.99867 4.99933 4.99967 0 0 5 0 8.674e-140 5.73829e-35 5 0
0.00684 2.33411 0.00233178 4.99867 4.99933 4.99967 0 0 5 0 5.77882e-143 3.82298e-38 5 0
0.00687 2.33411 0.00233178 4.99867 4.99933 4.99967 0 0 5 0 3.84998e-146 2.54695e-41 5 0
0.0069 2.33411 0.00233178 4.99867 4.99933 4.99967 0 0 5 0 2.56494e-149 1.69684e-44 5 0
0.00693 2.33411 0.00233178 4.99867 4.99933 4.99967 0 0 5 0 1.70882e-152 1.13047e-47 5 0
0.00696 2.33411 0.00233178 4.99867 4.99933 4.99967 0 0 5 0 1.13846e-155 7.53146e-51 5 0
0.00699 2.33411 0.00233178 4.99867 4.99933 4.99967 0 0 5 0 7.58465e-159 5.01763e-54 5 0
0.00702 2.33411 0.00233178 4.99867 4.99933 4.99967 0 0 5 0 5.05306e-162 3.34286e-57 0 0
0.00705 2.33411 0.00233178 4.99867 4.99933 4.99967 0 0 5 0 3.36646e-165 2.22709e-60 0 0
0.00708 2.33411 0.00233178 4.99867 4.99933 4.99967 0 0 5 0 2.24281e-168 1.48373e-63 0 0
0.00711 2.33411 0.00233178 4.99867 4.99933 4.99967 0 0 5 0 1.49421e-171 9.88497e-67 0 0
0.00714 2.33411 0.00233178 4.99867 4.99933 4.99967 0 0 5 0 9.95479e-175 6.58559e-70 0 0
0.00717 2.33411 0.00233178 4.99867 4.99933 4.99967 0 0 5 0 6.6321e-178 4.38747e-73 0 0
0.0072 2.33411 0.00233178 4.99867 4.99933 4.99967 0 0 5 0 4.41846e-181 2.92303e-76 0 0
0.00723 2.33411 0.00233178 4.99867 4.99933 4.99967 0 0 5 0 2.94367e-184 1.94739e-79 0 0
0.00726 2.33411 0.00233178 4.99867 4.99933 4.99967 0 0 5 0 1.96114e-187 1.29739e-82 0 0
0.00729 2.33411 0.00233178 4.99867 4.99933 4.99967 0 0 5 0 1.30656e-190 8.64353e-86 0 0
0.00732 2.33411 0.00233178 4.99867 4.99933 4.99967 0 0 5 0 8.70458e-194 5.75852e-89 0 0
0.00735 2.33411 0.00233178 4.99867 4.99933 4.99967 0 0 5 0 5.79919e-197 3.83645e-92 0 0
0.00738 2.33411 0.00233178 4.99867 4.99933 4.99967 0 0 5 0 3.86355e-200 2.55593e-95 0 0
0.00741 2.33411 0.00233178 4.99867 4.99933 4.99967 0 0 5 0 2.57398e-203 1.70282e-98 0 0
0.00744 2.33411 0.00233178 4.99867 4.99933 4.99967 0 0 5 0 1.71485e-206 1.13446e-101 0 0
0.00747 2.33411 0.00233178 4.99867 4.99933 4.99967 0 0 5 0 1.14247e-209 7.558e-105 0 0
0.0075 2.33411 0.00233178 4.99867 4.99933 4.99967 0 0 5 0 7.61138e-213 5.03531e-108 0 0
0.00753 2.66522 4.996 0.00133195 0.00233139 0.000333111 0 0 0.00333111 4.99667 4.99667 4.99667 5 0
0.00756 2.66589 4.99767 0.00133228 0.00066686 0.000333194 0 0 2.21926e-06 5 5 5 5 0
0.00759 2.66589 4.99767 0.00133228 0.000666306 0.000333195 0 0 1.47852e-09 5 5 5 5 0
0.00762 2.66589 4.99767 0.00133228 0.000666306 0.000333195 0 0 9.85025e-13 5 5 5 5 0
0.00765 2.66589 4.99767 0.00133228 0.000666306 0.000333195 0 0 6.56246e-16 5 5 5 5 0
0.00768 2.66589 4.99767 0.00133228 0.000666306 0.000333195 0 0 4.37206e-19 5 5 5 5 0
0.00771 2.66589 4.99767 0.00133228 0.000666306 0.000333195 0 0 2.91276e-22 5 5 5 5 0
0.00774 2.66589 4.99767 0.00133228 0.000666306 0.000333195 0 0 1.94055e-25 5 5 5 5 0
0.00777 2.66589 4.99767 0.00133228 0.000666306 0.000333195 0 0 1.29284e-28 5 5 5 5 0
0.0078 2.66589 4.99767 0.00133228 0.000666306 0.000333195 0 0 8.61317e-32 5 5 5 5 0
0.00783 2.66589 4.99767 0.00133228 0.000666306 0.000333195 0 0 5.73829e-35 5 5 5 5 0
0.00786 2.66589 4.99767 0.00133228 0.000666306 0.000333195 0 0 3.82298e-38 5 5 5 5 0
0.00789 2.66589 4.99767 0.00133228 0.000666306 0.000333195 0 0 2.54695e-41 5 5 5 5 0
0.00792 2.66589 4.99767 0.00133228 0.000666306 0.000333195 0 0 1.69684e-44 5 5 5 5 0
0.00795 2.66589 4.99767 0.00133228 0.000666306 0.000333195 0 0 1.13047e-47 5 5 5 5 0
0.00798 2.66589 4.99767 0.00133228 0.000666306 0.000333195 0 0 7.53146e-51 5 5 5 5 0
0.00801 2.66589 4.99767 0.00133228 0.000666306 0.000333195 0 0 5.01763e-54 5 5 5 0 0
0.00804 2.66589 4.99767 0.00133228 0.000666306 0.000333195 0 0 3.34286e-57 5 5 5 0 0
0.00807 2.66589 4.99767 0.00133228 0.000666306 0.000333195 0 0 2.22709e-60 5 5 5 0 0
0.0081 2.66589 4.99767 0.00133228 0.000666306 0.000333195 0 0 1.48373e-63 5 5 5 0 0
0.00813 2.66589 4.99767 0.00133228 0.000666306 0.000333195 0 0 9.88497e-67 5 5 5 0 0
0.00816 2.66589 4.99767 0.00133228 0.000666306 0.000333195 0 0 6.58559e-70 5 5 5 0 0
0.00819 2.66589 4.99767 0.00133228 0.000666306 0.000333195 0 0 4.38747e-73 5 5 5 0 0
0.00822 2.66589 4.99767 0.00133228 0.000666306 0.000333195 0 0 2.92303e-76 5 5 5 0 0
0.00825 2.66589 4.99767 0.00133228 0.000666306 0.000333195 0 0 1.94739e-79 5 5 5 0 0
0.00828 2.66589 4.99767 0.00133228 0.000666306 0.000333195 0 0 1.29739e-82 5 5 5 0 0
0.00831 2.66589 4.99767 0.00133228 0.000666306 0.000333195 0 0 8.64353e-86 5 5 5 0 0
0.00834 2.66589 4.99767 0.00133228 0.000666306 0.000333195 0 0 5.75852e-89 5 5 5 0 0
0.00837 2.66589 4.99767 0.00133228 0.000666306 0.000333195 0 0 3.83645e-92 5 5 5 0 0
0.0084 2.66589 4.99767 0.00133228 0.000666306 0.000333195 0 0 2.55593e-95 5 5 5 0 0
0.00843 2.66589 4.99767 0.00133228 0.000666306 0.000333195 0 0 1.70282e-98 5 5 5 0 0
0.00846 2.66589 4.99767 0.00133228 0.000666306 0.000333195 0 0 1.13446e-101 5 5 5 0 0
0.00849 2.66589 4.99767 0.00133228 0.000666306 0.000333195 0 0 7.558e-105 5 5 5 0 0
0.00852 2.99942 4.998 0.00149896 0.000749639 4.99975 0 0 5.03531e-108 5 5 0.00333111 5 0
0.00855 2.99942 4.998 0.00149896 0.000749667 4.99975 0 0 3.35464e-111 5 5 2.21926e-06 5 0
0.00858 2.99942 4.998 0.00149896 0.000749667 4.99975 0 0 2.23494e-114 5 5 1.47852e-09 5 0
0.00861 2.99942 4.998 0.00149896 0.000749667 4.99975 0 0 1.48896e-117 5 5 9.85025e-13 5 0
0.00864 2.99942 4.998 0.00149896 0.000749667 4.99975 0 0 9.91982e-121 5 5 6.56246e-16 5 0
0.00867 2.99942 4.998 0.00149896 0.000749667 4.99975 0 0 6.60881e-124 5 5 4.37206e-19 5 0
0.0087 2.99942 4.998 0.00149896 0.000749667 4.99975 0 0 4.40294e-127 5 5 2.91276e-22 5 0
0.00873 2.99942 4.998 0.00149896 0.000749667 4.99975 0 0 2.93333e-130 5 5 1.94055e-25 5 0
0.00876 2.99942 4.998 0.00149896 0.000749667 4.99975 0 0 1.95425e-133 5 5 1.29284e-28 5 0
0.00879 2.99942 4.998 0.00149896 0.000749667 4.99975 0 0 1.30197e-136 5 5 8.61317e-32 5 0
0.00882 2.99942 4.998 0.00149896 0.000749667 4.99975 0 0 8.674e-140 5 5 5.73829e-35 5 0
0.00885 2.99942 4.998 0.00149896 0.000749667 4.99975 0 0 5.77882e-143 5 5 3.82298e-38 5 0
0.00888 2.99942 4.998 0.00149896 0.000749667 4.99975 0 0 3.84998e-146 5 5 2.54695e-41 5 0
0.00891 2.99942 4.998 0.00149896 0.000749667 4.99975 0 0 2.56494e-149 5 5 1.69684e-44 5 0
0.00894 2.99942 4.998 0.00149896 0.000749667 4.99975 0 0 1.70882e-152 5 5 1.13047e-47 5 0
0.00897 2.99942 4.998 0.00149896 0.000749667 4.99975 0 0 1.13846e-155 5 5 7.53146e-51 5 0
0.009 2.99942 4.998 0.00149896 0.000749667 4.99975 0 0 7.58465e-159 5 5 5.01763e-54 5 0
0.00903 2.99942 4.998 0.00149896 0.000749667 4.99975 0 0 5.05306e-162 5 5 3.34286e-57 0 0
0.00906 2.99942 4.998 0.00149896 0.000749667 4.99975 0 0 3.36646e-165 5 5 2.22709e-60 0 0
0.00909 2.99942 4.998 0.00149896 0.000749667 4.99975 0 0 2.24281e-168 5 5 1.48373e-63 0 0
0.00912 2.99942 4.998 0.00149896 0.000749667 4.99975 0 0 1.49421e-171 5 5 9.88497e-67 0 0
0.00915 2.99942 4.998 0.00149896 0.000749667 4.99975 0 0 9.95479e-175 5 5 6.58559e-70 0 0
0.00918 2.99942 4.998 0.00149896 0.000749667 4.99975 0 0 6.6321e-178 5 5 4.38747e-73 0 0
0.00921 2.99942 4.998 0.00149896 0.000749667 4.99975 0 0 4.41846e-181 5 5 2.92303e-76 0 0
0.00924 2.99942 4.998 0.00149896 0.000749667 4.99975 0 0 2.94367e-184 5 5 1.94739e-79 0 0
0.00927 2.99942 4.998 0.00149896 0.000749667 4.99975 0 0 1.96114e-187 5 5 1.29739e-82 0 0
0.0093 2.99942 4.998 0.00149896 0.000749667 4.99975 0 0 1.30656e-190 5 5 8.64353e-86 0 0
0.00933 2.99942 4.998 0.00149896 0.000749667 4.99975 0 0 8.70458e-194 5 5 5.75852e-89 0 0
0.00936 2.99942 4.998 0.00149896 0.000749667 4.99975 0 0 5.79919e-197 5 5 3.83645e-92 0 0
0.00939 2.99942 4.998 0.00149896 0.000749667 4.99975 0 0 3.86355e-200 5 5 2.55593e-95 0 0
0.00942 2.99942 4.998 0.00149896 0.000749667 4.99975 0 0 2.57398e-203 5 5 1.70282e-98 0 0
0.00945 2.99942 4.998 0.00149896 0.000749667 4.99975 0 0 1.71485e-206 5 5 1.13446e-101 0 0
0.00948 2.99942 4.998 0.00149896 0.000749667 4.99975 0 0 1.14247e-209 5 5 7.558e-105 0 0
0.00951 3.33264 4.99833 0.00166549 4.99792 0.000416528 0 4.99833 7.61138e-213 5 0.00333111 4.99667 5 0
0.00954 0.0011102 0.001665 5.5482e-07 0.00166528 1.38757e-07 0 0.00166556 4.99667 5 4.99667 5 5 0
0.00957 3.69837e-07 5.54631e-07 1.84826e-10 5.54862e-07 4.62239e-11 0 5.55e-07 5 5 5 5 5 0
0.0096 1.23203e-10 1.84754e-10 6.15707e-14 1.84877e-10 1.53985e-14 0 1.84938e-10 5 5 5 5 5 0
0.00963 4.10424e-14 6.15436e-14 2.05109e-17 6.15999e-14 5.12966e-18 0 6.16256e-14 5 5 5 5 5 0
0.00966 1.36724e-17 2.05009e-17 6.83277e-21 2.05248e-17 1.70883e-21 0 2.0535e-17 5 5 5 5 5 0
0.00969 4.55465e-21 6.82907e-21 2.27619e-24 6.83874e-21 5.6926e-25 0 6.84273e-21 5 5 5 5 5 0
0.00972 1.51728e-24 2.27484e-24 7.58261e-28 2.27863e-24 1.89636e-28 0 2.28015e-24 5 5 5 5 5 0
0.00975 5.05449e-28 7.57776e-28 2.52598e-31 7.59226e-28 6.31732e-32 0 7.59797e-28 5 5 5 5 5 0
0.00978 1.68379e-31 2.52424e-31 8.41475e-35 2.5297e-31 2.10448e-35 0 2.53181e-31 5 5 5 5 5 0
0.00981 5.60918e-35 8.40852e-35 2.80319e-38 8.42882e-35 7.0106e-39 0 8.43656e-35 5 5 5 5 5 0
0.00984 1.86858e-38 2.80097e-38 9.33821e-42 2.80844e-38 2.33543e-42 0 2.81125e-38 5 5 5 5 5 0
0.00987 6.22475e-42 9.33036e-42 3.11082e-45 9.35755e-42 7.77996e-46 0 9.36771e-42 5 5 5 5 5 0
0.0099 2.07364e-45 3.10805e-45 1.0363e-48 3.11788e-45 2.59172e-49 0 3.12153e-45 5 5 5 5 5 0
0.00993 6.90787e-49 1.03533e-48 3.45221e-52 1.03886e-48 8.63376e-53 0 1.04016e-48 5 5 5 5 5 0
0.00996 2.30121e-52 3.44879e-52 1.15003e-55 3.46143e-52 2.87615e-56 0 3.46605e-52 5 5 5 5 5 0
0.00999 7.66596e-56 1.14883e-55 3.83107e-59 1.15333e-55 9.58126e-60 0 1.15497e-55 5 5 5 5 5 0
0.01002 2.55375e-59 3.82689e-59 1.27624e-62 3.84282e-59 3.19179e-63 0 3.84861e-59 5 5 5 5 0 0
0.01005 8.50725e-63 1.27478e-62 4.2515e-66 1.28041e-62 1.06327e-66 0 1.28244e-62 5 5 5 5 0 0
0.01008 2.834e-66 4.24645e-66 1.41629e-69 4.26624e-66 3.54206e-70 0 4.27338e-66 5 5 5 5 0 0
0.01011 9.44087e-70 1.41454e-69 4.71807e-73 1.42149e-69 1.17996e-73 0 1.42398e-69 5 5 5 5 0 0
0.01014 3.14502e-73 4.712e-73 1.57172e-76 4.73631e-73 3.93078e-77 0 4.74503e-73 5 5 5 5 0 0
0.01017 1.04769e-76 1.56962e-76 5.23585e-80 1.57811e-76 1.30945e-80 0 1.58115e-76 5 5 5 5 0 0
0.0102 3.49016e-80 5.22859e-80 1.74421e-83 5.25818e-80 4.36216e-84 0 5.26875e-80 5 5 5 5 0 0
0.01023 1.16267e-83 1.7417e-83 5.81046e-87 1.752e-83 1.45316e-87 0 1.75566e-83 5 5 5 5 0 0
0.01026 3.87319e-87 5.80181e-87 1.93563e-90 5.83755e-87 4.84088e-91 0 5.85026e-87 5 5 5 5 0 0
0.01029 1.29027e-90 1.93265e-90 6.44812e-94 1.94504e-90 1.61263e-94 0 1.94944e-90 5 5 5 5 0 0
0.01032 4.29825e-94 6.43788e-94 2.14805e-97 6.48075e-94 5.37214e-98 0 6.49596e-94 5 5 5 5 0 0
0.01035 1.43187e-97 2.14453e-97 7.15576e-101 2.15935e-97 1.78961e-101 0 2.1646e-97 5 5 5 5 0 0
0.01038 4.76995e-101 7.14369e-101 2.38379e-104 7.19483e-101 5.9617e-105 0 7.21292e-101 5 5 5 5 0 0
0.01041 1.58901e-104 2.37965e-104 7.94106e-108 2.39727e-104 1.98601e-108 0 2.40351e-104 5 5 5 5 0 0
0.01044 5.29343e-108 7.92688e-108 2.64539e-111 7.98758e-108 6.61596e-112 0 8.00902e-108 5 5 5 5 0 0
0.01047 1.76339e-111 2.64054e-111 8.81255e-115 2.66141e-111 2.20396e-115 0 2.66878e-111 5 5 5 5 0 0
0.0105 5.87435e-115 8.79593e-115 2.93571e-118 8.86768e-115 7.34202e-119 0 8.89298e-115 5 5 5 5 3.68629e-08 0
0.01053 0.333528 0.000333084 0.00016668 8.33333e-05 4.99942 0 2.96334e-118 5 5 5 0.00333111 5 0
0.01056 0.333528 0.000333194 0.000166681 8.33611e-05 4.99942 0 9.87451e-122 5 5 5 2.21926e-06 5 0
0.01059 0.333528 0.000333195 0.000166681 8.33611e-05 4.99942 0 3.29041e-125 5 5 5 1.47852e-09 5 0
0.01062 0.333528 0.000333195 0.000166681 8.33611e-05 4.99942 0 1.09644e-128 5 5 5 9.85025e-13 5 0
0.01065 0.333528 0.000333195 0.000166681 8.33611e-05 4.99942 0 3.65357e-132 5 5 5 6.56246e-16 5 0
0.01068 0.333528 0.000333195 0.000166681 8.33611e-05 4.99942 0 1.21745e-135 5 5 5 4.37206e-19 5 0
0.01071 0.333528 0.000333195 0.000166681 8.33611e-05 4.99942 0 4.05682e-139 5 5 5 2.91276e-22 5 0
0.01074 0.333528 0.000333195 0.000166681 8.33611e-05 4.99942 0 1.35182e-142 5 5 5 1.94055e-25 5 0
0.01077 0.333528 0.000333195 0.000166681 8.33611e-05 4.99942 0 4.50457e-146 5 5 5 1.29284e-28 5 0
0.0108 0.333528 0.000333195 0.000166681 8.33611e-05 4.99942 0 1.50102e-149 5 5 5 8.61317e-32 5 0
0.01083 0.333528 0.000333195 0.000166681 8.33611e-05 4.99942 0 5.00174e-153 5 5 5 5.73829e-35 5 0
0.01086 0.333528 0.000333195 0.000166681 8.33611e-05 4.99942 0 1.66669e-156 5 5 5 3.82298e-38 5 0
0.01089 0.333528 0.000333195 0.000166681 8.33611e-05 4.99942 0 5.55379e-160 5 5 5 2.54695e-41 5 0
0.01092 0.333528 0.000333195 0.000166681 8.33611e-05 4.99942 0 1.85065e-163 5 5 5 1.69684e-44 5 0
0.01095 0.333528 0.000333195 0.000166681 8.33611e-05 4.99942 0 6.16677e-167 5 5 5 1.13047e-47 5 0
0.01098 0.333528 0.000333195 0.000166681 8.33611e-05 4.99942 0 2.0549e-170 5 5 5 7.53146e-51 5 0
0.01101 0.333528 0.000333195 0.000166681 8.33611e-05 4.99942 0 6.8474e-174 5 5 5 5.01763e-54 0 0
0.01104 0.333528 0.000333195 0.000166681 8.33611e-05 4.99942 0 2.28171e-177 5 5 5 3.34286e-57 0 0
0.01107 0.333528 0.000333195 0.000166681 8.33611e-05 4.99942 0 7.60315e-181 5 5 5 2.22709e-60 0 0
0.0111 0.333528 0.000333195 0.000166681 8.33611e-05 4.99942 0 2.53354e-184 5 5 5 1.48373e-63 0 0
0.01113 0.333528 0.000333195 0.000166681 8.33611e-05 4.99942 0 8.44231e-188 5 5 5 9.88497e-67 0 0
0.01116 0.333528 0.000333195 0.000166681 8.33611e-05 4.99942 0 2.81317e-191 5 5 5 6.58559e-70 0 0
0.01119 0.333528 0.000333195 0.000166681 8.33611e-05 4.99942 0 9.3741e-195 5 5 5 4.38747e-73 0 0
0.01122 0.333528 0.000333195 0.000166681 8.33611e-05 4.99942 0 3.12366e-198 5 5 5 2.92303e-76 0 0
0.01125 0.333528 0.000333195 0.000166681 8.33611e-05 4.99942 0 1.04087e-201 5 5 5 1.94739e-79 0 0
0.01128 0.333528 0.000333195 0.000166681 8.33611e-05 4.99942 0 3.46842e-205 5 5 5 1.29739e-82 0 0
0.01131 0.333528 0.000333195 0.000166681 8.33611e-05 4.99942 0 1.15575e-208 5 5 5 8.64353e-86 0 0
0.01134 0.333528 0.000333195 0.000166681 8.33611e-05 4.99942 0 3.85123e-212 5 5 5 5.75852e-89 0 0
0.01137 0.333528 0.000333195 0.000166681 8.33611e-05 4.99942 0 1.28332e-215 5 5 5 3.83645e-92 0 0
0.0114 0.333528 0.000333195 0.000166681 8.33611e-05 4.99942 0 4.27629e-219 5 5 5 2.55593e-95 0 0
0.01143 0.333528 0.000333195 0.000166681 8.33611e-05 4.99942 0 1.42496e-222 5 5 5 1.70282e-98 0 0
0.01146 0.333528 0.000333195 0.000166681 8.33611e-05 4.99942 0 4.74827e-226 5 5 5 1.13446e-101 0 0
0.01149 0.333528 0.000333195 0.000166681 8.33611e-05 4.99942 0 1.58223e-229 5 5 5 7.558e-105 0 0
0.01152 0.66675 0.000665973 0.000333208 4.99725 8.33333e-05 0 5.27234e-233 5 5 0.00333111 4.99667 5 0
0.01155 0.666972 0.000666306 0.000333319 4.99892 8.33611e-05 0 1.75686e-236 5 5 2.21926e-06 5 5 0
0.01158 0.666972 0.000666306 0.000333319 4.99892 8.33611e-05 0 5.85425e-240 5 5 1.47852e-09 5 5 0
0.01161 0.666972 0.000666306 0.000333319 4.99892 8.33611e-05 0 1.95077e-243 5 5 9.85025e-13 5 5 0
0.01164 0.666972 0.000666306 0.000333319 4.99892 8.33611e-05 0 6.50039e-247 5 5 6.56246e-16 5 5 0
0.01167 0.666972 0.000666306 0.000333319 4.99892 8.33611e-05 0 2.16608e-250 5 5 4.37206e-19 5 5 0
0.0117 0.666972 0.000666306 0.000333319 4.99892 8.33611e-05 0 7.21785e-254 5 5 2.91276e-22 5 5 0
0.01173 0.666972 0.000666306 0.000333319 4.99892 8.33611e-05 0 2.40515e-257 5 5 1.94055e-25 5 5 0
0.01176 0.666972 0.000666306 0.000333319 4.99892 8.33611e-05 0 8.01448e-261 5 5 1.29284e-28 5 5 0
0.01179 0.666972 0.000666306 0.000333319 4.99892 8.33611e-05 0 2.6706e-264 5 5 8.61317e-32 5 5 0
0.01182 0.666972 0.000666306 0.000333319 4.99892 8.33611e-05 0 8.89905e-268 5 5 5.73829e-35 5 5 0
0.01185 0.666972 0.000666306 0.000333319 4.99892 8.33611e-05 0 2.96536e-271 5 5 3.82298e-38 5 5 0
0.01188 0.666972 0.000666306 0.000333319 4.99892 8.33611e-05 0 9.88124e-275 5 5 2.54695e-41 5 5 0
0.01191 0.666972 0.000666306 0.000333319 4.99892 8.33611e-05 0 3.29265e-278 5 5 1.69684e-44 5 5 0
0.01194 0.666972 0.000666306 0.000333319 4.99892 8.33611e-05 0 1.09718e-281 5 5 1.13047e-47 5 5 0
0.01197 0.666972 0.000666306 0.000333319 4.99892 8.33611e-05 0 3.65606e-285 5 5 7.53146e-51 5 5 0
0.012 0.666972 0.000666306 0.000333319 4.99892 8.33611e-05 0 1.21828e-288 5 5 5.01763e-54 5 5 0
0.01203 0.666972 0.000666306 0.000333319 4.99892 8.33611e-05 0 4.05959e-292 5 5 3.34286e-57 5 0 0
0.01206 0.666972 0.000666306 0.000333319 4.99892 8.33611e-05 0 1.35274e-295 5 5 2.22709e-60 5 0 0
0.01209 0.666972 0.000666306 0.000333319 4.99892 8.33611e-05 0 4.50764e-299 5 5 1.48373e-63 5 0 0
0.01212 0.666972 0.000666306 0.000333319 4.99892 8.33611e-05 0 1.50205e-302 5 5 9.88497e-67 5 0 0
0.01215 0.666972 0.000666306 0.000333319 4.99892 8.33611e-05 0 5.00516e-306 5 5 6.58559e-70 5 0 0
0.01218 0.666972 0.000666306 0.000333319 4.99892 8.33611e-05 0 1.66783e-309 5 5 4.38747e-73 5 0 0
0.01221 0.666972 0.000666306 0.000333319 4.99892 8.33611e-05 0 5.55758e-313 5 5 2.92303e-76 5 0 0
0.01224 0.666972 0.000666306 0.000333319 4.99892 8.33611e-05 0 1.85193e-316 5 5 1.94739e-79 5 0 0
0.01227 0.666972 0.000666306 0.000333319 4.99892 8.33611e-05 0 5.92681e-320 5 5 1.29739e-82 5 0 0
0.0123 0.666972 0.000666306 0.000333319 4.99892 8.33611e-05 0 0 5 5 8.64353e-86 5 0 0
0.01233 0.666972 0.000666306 0.000333319 4.99892 8.33611e-05 0 0 5 5 5.75852e-89 5 0 0
0.01236 0.666972 0.000666306 0.000333319 4.99892 8.33611e-05 0 0 5 5 3.83645e-92 5 0 0
0.01239 0.666972 0.000666306 0.000333319 4.99892 8.33611e-05 0 0 5 5 2.55593e-95 5 0 0
0.01242 0.666972 0.000666306 0.000333319 4.99892 8.33611e-05 0 0 5 5 1.70282e-98 5 0 0
0.01245 0.666972 0.000666306 0.000333319 4.99892 8.33611e-05 0 0 5 5 1.13446e-101 5 0 0
0.01248 0.666972 0.000666306 0.000333319 4.99892 8.33611e-05 0 0 5 5 7.558e-105 5 0 0
0.01251 1.0005 0.000999389 0.0005 4.999 4.9995 0 0 5 5 5.03531e-108 0.00333111 5 0
0.01254 1.0005 0.0009995 0.0005 4.999 4.9995 0 0 5 5 3.35464e-111 2.21926e-06 5 0
0.01257 1.0005 0.0009995 0.0005 4.999 4.9995 0 0 5 5 2.23494e-114 1.47852e-09 5 0
0.0126 1.0005 0.0009995 0.0005 4.999 4.9995 0 0 5 5 1.48896e-117 9.85025e-13 5 0
0.01263 1.0005 0.0009995 0.0005 4.999 4.9995 0 0 5 5 9.91982e-121 6.56246e-16 5 0
0.01266 1.0005 0.0009995 0.0005 4.999 4.9995 0 0 5 5 6.60881e-124 4.37206e-19 5 0
0.01269 1.0005 0.0009995 0.0005 4.999 4.9995 0 0 5 5 4.40294e-127 2.91276e-22 5 0
0.01272 1.0005 0.0009995 0.0005 4.999 4.9995 0 0 5 5 2.93333e-130 1.94055e-25 5 0
0.01275 1.0005 0.0009995 0.0005 4.999 4.9995 0 0 5 5 1.95425e-133 1.29284e-28 5 0
0.01278 1.0005 0.0009995 0.0005 4.999 4.9995 0 0 5 5 1.30197e-136 8.61317e-32 5 0
0.01281 1.0005 0.0009995 0.0005 4.999 4.9995 0 0 5 5 8.674e-140 5.73829e-35 5 0
0.01284 1.0005 0.0009995 0.0005 4.999 4.9995 0 0 5 5 5.77882e-143 3.82298e-38 5 0
0.01287 1.0005 0.0009995 0.0005 4.999 4.9995 0 0 5 5 3.84998e-146 2.54695e-41 5 0
0.0129 1.0005 0.0009995 0.0005 4.999 4.9995 0 0 5 5 2.56494e-149 1.69684e-44 5 0
0.01293 1.0005 0.0009995 0.0005 4.999 4.9995 0 0 5 5 1.70882e-152 1.13047e-47 5 0
0.01296 1.0005 0.0009995 0.0005 4.999 4.9995 0 0 5 5 1.13846e-155 7.53146e-51 5 0
0.01299 1.0005 0.0009995 0.0005 4.999 4.9995 0 0 5 5 7.58465e-159 5.01763e-54 5 0
0.01302 1.0005 0.0009995 0.0005 4.999 4.9995 0 0 5 5 5.05306e-162 3.34286e-57 0 0
0.01305 1.0005 0.0009995 0.0005 4.999 4.9995 0 0 5 5 3.36646e-165 2.22709e-60 0 0
0.01308 1.0005 0.0009995 0.0005 4.999 4.9995 0 0 5 5 2.24281e-168 1.48373e-63 0 0
0.01311 1.0005 0.0009995 0.0005 4.999 4.9995 0 0 5 5 1.49421e-171 9.88497e-67 0 0
0.01314 1.0005 0.0009995 0.0005 4.999 4.9995 0 0 5 5 9.95479e-175 6.58559e-70 0 0
0.01317 1.0005 0.0009995 0.0005 4.999 4.9995 0 0 5 5 6.6321e-178 4.38747e-73 0 0
0.0132 1.0005 0.0009995 0.0005 4.999 4.9995 0 0 5 5 4.41846e-181 2.92303e-76 0 0
0.01323 1.0005 0.0009995 0.0005 4.999 4.9995 0 0 5 5 2.94367e-184 1.94739e-79 0 0
0.01326 1.0005 0.0009995 0.0005 4.999 4.9995 0 0 5 5 1.96114e-187 1.29739e-82 0 0
0.01329 1.0005 0.0009995 0.0005 4.999 4.9995 0 0 5 5 1.30656e-190 8.64353e-86 0 0
0.01332 1.0005 0.0009995 0.0005 4.999 4.9995 0 0 5 5 8.70458e-194 5.75852e-89 0 0
0.01335 1.0005 0.0009995 0.0005 4.999 4.9995 0 0 5 5 5.79919e-197 3.83645e-92 0 0
0.01338 1.0005 0.0009995 0.0005 4.999 4.9995 0 0 5 5 3.86355e-200 2.55593e-95 0 0
0.01341 1.0005 0.0009995 0.0005 4.999 4.9995 0 0 5 5 2.57398e-203 1.70282e-98 0 0
0.01344 1.0005 0.0009995 0.0005 4.999 4.9995 0 0 5 5 1.71485e-206 1.13446e-101 0 0
0.01347 1.0005 0.0009995 0.0005 4.999 4.9995 0 0 5 5 1.14247e-209 7.558e-105 0 0
0.0135 1.0005 0.0009995 0.0005 4.999 4.9995 0 0 5 5 7.61138e-213 5.03531e-108 2.92735e-07 0
0.01353 1.33383 0.00133239 4.99817 0.00199863 0.000166708 0 0 5 0.00333111 4.99667 4.99667 5 0
0.01356 1.33361 0.00133228 4.99817 0.000333874 0.000166681 0 0 5 2.21926e-06 5 5 5 0
0.01359 1.33361 0.00133228 4.99817 0.00033332 0.000166681 0 0 5 1.47852e-09 5 5 5 0
0.01362 1.33361 0.00133228 4.99817 0.000333319 0.000166681 0 0 5 9.85025e-13 5 5 5 0
0.01365 1.33361 0.00133228 4.99817 0.000333319 0.000166681 0 0 5 6.56246e-16 5 5 5 0
0.01368 1.33361 0.00133228 4.99817 0.000333319 0.000166681 0 0 5 4.37206e-19 5 5 5 0
0.01371 1.33361 0.00133228 4.99817 0.000333319 0.000166681 0 0 5 2.91276e-22 5 5 5 0
0.01374 1.33361 0.00133228 4.99817 0.000333319 0.000166681 0 0 5 1.94055e-25 5 5 5 0
0.01377 1.33361 0.00133228 4.99817 0.000333319 0.000166681 0 0 5 1.29284e-28 5 5 5 0
0.0138 1.33361 0.00133228 4.99817 0.000333319 0.000166681 0 0 5 8.61317e-32 5 5 5 0
0.01383 1.33361 0.00133228 4.99817 0.000333319 0.000166681 0 0 5 5.73829e-35 5 5 5 0
0.01386 1.33361 0.00133228 4.99817 0.000333319 0.000166681 0 0 5 3.82298e-38 5 5 5 0
0.01389 1.33361 0.00133228 4.99817 0.000333319 0.000166681 0 0 5 2.54695e-41 5 5 5 0
0.01392 1.33361 0.00133228 4.99817 0.000333319 0.000166681 0 0 5 1.69684e-44 5 5 5 0
0.01395 1.33361 0.00133228 4.99817 0.000333319 0.000166681 0 0 5 1.13047e-47 5 5 5 0
0.01398 1.33361 0.00133228 4.99817 0.000333319 0.000166681 0 0 5 7.53146e-51 5 5 5 0
0.01401 1.33361 0.00133228 4.99817 0.000333319 0.000166681 0 0 5 5.01763e-54 5 5 0 0
0.01404 1.33361 0.00133228 4.99817 0.000333319 0.000166681 0 0 5 3.34286e-57 5 5 0 0
0.01407 1.33361 0.00133228 4.99817 0.000333319 0.000166681 0 0 5 2.22709e-60 5 5 0 0
0.0141 1.33361 0.00133228 4.99817 0.000333319 0.000166681 0 0 5 1.48373e-63 5 5 0 0
0.01413 1.33361 0.00133228 4.99817 0.000333319 0.000166681 0 0 5 9.88497e-67 5 5 0 0
0.01416 1.33361 0.00133228 4.99817 0.000333319 0.000166681 0 0 5 6.58559e-70 5 5 0 0
0.01419 1.33361 0.00133228 4.99817 0.000333319 0.000166681 0 0 5 4.38747e-73 5 5 0 0
0.01422 1.33361 0.00133228 4.99817 0.000333319 0.000166681 0 0 5 2.92303e-76 5 5 0 0
0.01425 1.33361 0.00133228 4.99817 0.000333319 0.000166681 0 0 5 1.94739e-79 5 5 0 0
0.01428 1.33361 0.00133228 4.99817 0.000333319 0.000166681 0 0 5 1.29739e-82 5 5 0 0
0.01431 1.33361 0.00133228 4.99817 0.000333319 0.000166681 0 0 5 8.64353e-86 5 5 0 0
0.01434 1.33361 0.00133228 4.99817 0.000333319 0.000166681 0 0 5 5.75852e-89 5 5 0 0
0.01437 1.33361 0.00133228 4.99817 0.000333319 0.000166681 0 0 5 3.83645e-92 5 5 0 0
0.0144 1.33361 0.00133228 4.99817 0.000333319 0.000166681 0 0 5 2.55593e-95 5 5 0 0
0.01443 1.33361 0.00133228 4.99817 0.000333319 0.000166681 0 0 5 1.70282e-98 5 5 0 0
0.01446 1.33361 0.00133228 4.99817 0.000333319 0.000166681 0 0 5 1.13446e-101 5 5 0 0
0.01449 1.33361 0.00133228 4.99817 0.000333319 0.000166681 0 0 5 7.558e-105 5 5 0 0
0.01452 1.66714 0.00166536 4.99833 0.000416653 4.99958 0 0 5 5.03531e-108 5 0.00333111 5 0
0.01455 1.66714 0.00166547 4.99833 0.00041668 4.99958 0 0 5 3.35464e-111 5 2.21926e-06 5 0
0.01458 1.66714 0.00166547 4.99833 0.00041668 4.99958 0 0 5 2.23494e-114 5 1.47852e-09 5 0
0.01461 1.66714 0.00166547 4.99833 0.00041668 4.99958 0 0 5 1.48896e-117 5 9.85025e-13 5 0
0.01464 1.66714 0.00166547 4.99833 0.00041668 4.99958 0 0 5 9.91982e-121 5 6.56246e-16 5 0
0.01467 1.66714 0.00166547 4.99833 0.00041668 4.99958 0 0 5 6.60881e-124 5 4.37206e-19 5 0
0.0147 1.66714 0.00166547 4.99833 0.00041668 4.99958 0 0 5 4.40294e-127 5 2.91276e-22 5 0
0.01473 1.66714 0.00166547 4.99833 0.00041668 4.99958 0 0 5 2.93333e-130 5 1.94055e-25 5 0
0.01476 1.66714 0.00166547 4.99833 0.00041668 4.99958 0 0 5 1.95425e-133 5 1.29284e-28 5 0
0.01479 1.66714 0.00166547 4.99833 0.00041668 4.99958 0 0 5 1.30197e-136 5 8.61317e-32 5 0
0.01482 1.66714 0.00166547 4.99833 0.00041668 4.99958 0 0 5 8.674e-140 5 5.73829e-35 5 0
0.01485 1.66714 0.00166547 4.99833 0.00041668 4.99958 0 0 5 5.77882e-143 5 3.82298e-38 5 0
0.01488 1.66714 0.00166547 4.99833 0.00041668 4.99958 0 0 5 3.84998e-146 5 2.54695e-41 5 0
0.01491 1.66714 0.00166547 4.99833 0.00041668 4.99958 0 0 5 2.56494e-149 5 1.69684e-44 5 0
0.01494 1.66714 0.00166547 4.99833 0.00041668 4.99958 0 0 5 1.70882e-152 5 1.13047e-47 5 0
0.01497 1.66714 0.00166547 4.99833 0.00041668 4.99958 0 0 5 1.13846e-155 5 7.53146e-51 5 0
0.015 1.66714 0.00166547 4.99833 0.00041668 4.99958 0 0 5 7.58465e-159 5 5.01763e-54 5 0
0.01503 1.66714 0.00166547 4.99833 0.00041668 4.99958 0 0 5 5.05306e-162 5 3.34286e-57 0 0
0.01506 1.66714 0.00166547 4.99833 0.00041668 4.99958 0 0 5 3.36646e-165 5 2.22709e-60 0 0
0.01509 1.66714 0.00166547 4.99833 0.00041668 4.99958 0 0 5 2.24281e-168 5 1.48373e-63 0 0
0.01512 1.66714 0.00166547 4.99833 0.00041668 4.99958 0 0 5 1.49421e-171 5 9.88497e-67 0 0
0.01515 1.66714 0.00166547 4.99833 0.00041668 4.99958 0 0 5 9.95479e-175 5 6.58559e-70 0 0
0.01518 1.66714 0.00166547 4.99833 0.00041668 4.99958 0 0 5 6.6321e-178 5 4.38747e-73 0 0
0.01521 1.66714 0.00166547 4.99833 0.00041668 4.99958 0 0 5 4.41846e-181 5 2.92303e-76 0 0
0.01524 1.66714 0.00166547 4.99833 0.00041668 4.99958 0 0 5 2.94367e-184 5 1.94739e-79 0 0
0.01527 1.66714 0.00166547 4.99833 0.00041668 4.99958 0 0 5 1.96114e-187 5 1.29739e-82 0 0
0.0153 1.66714 0.00166547 4.99833 0.00041668 4.99958 0 0 5 1.30656e-190 5 8.64353e-86 0 0
0.01533 1.66714 0.00166547 4.99833 0.00041668 4.99958 0 0 5 8.70458e-194 5 5.75852e-89 0 0
0.01536 1.66714 0.00166547 4.99833 0.00041668 4.99958 0 0 5 5.79919e-197 5 3.83645e-92 0 0
0.01539 1.66714 0.00166547 4.99833 0.00041668 4.99958 0 0 5 3.86355e-200 5 2.55593e-95 0 0
0.01542 1.66714 0.00166547 4.99833 0.00041668 4.99958 0 0 5 2.57398e-203 5 1.70282e-98 0 0
0.01545 1.66714 0.00166547 4.99833 0.00041668 4.99958 0 0 5 1.71485e-206 5 1.13446e-101 0 0
0.01548 1.66714 0.00166547 4.99833 0.00041668 4.99958 0 0 5 1.14247e-209 5 7.558e-105 0 0
0.01551 2.00036 0.00199825 4.9985 4.99758 0.000250014 0 0 5 7.61138e-213 0.00333111 4.99667 5 0
0.01554 2.00058 0.00199858 4.9985 4.99925 0.000250042 0 0 5 5.07088e-216 2.21926e-06 5 5 0
0.01557 2.00058 0.00199858 4.9985 4.99925 0.000250042 0 0 5 3.37833e-219 1.47852e-09 5 5 0
0.0156 2.00058 0.00199858 4.9985 4.99925 0.000250042 0 0 5 2.25072e-222 9.85025e-13 5 5 0
0.01563 2.00058 0.00199858 4.9985 4.99925 0.000250042 0 0 5 1.49948e-225 6.56246e-16 5 5 0
0.01566 2.00058 0.00199858 4.9985 4.99925 0.000250042 0 0 5 9.98988e-229 4.37206e-19 5 5 0
0.01569 2.00058 0.00199858 4.9985 4.99925 0.000250042 0 0 5 6.65548e-232 2.91276e-22 5 5 0
0.01572 2.00058 0.00199858 4.9985 4.99925 0.000250042 0 0 5 4.43403e-235 1.94055e-25 5 5 0
0.01575 2.00058 0.00199858 4.9985 4.99925 0.000250042 0 0 5 2.95405e-238 1.29284e-28 5 5 0
0.01578 2.00058 0.00199858 4.9985 4.99925 0.000250042 0 0 5 1.96806e-241 8.61317e-32 5 5 0
0.01581 2.00058 0.00199858 4.9985 4.99925 0.000250042 0 0 5 1.31116e-244 5.73829e-35 5 5 0
0.01584 2.00058 0.00199858 4.9985 4.99925 0.000250042 0 0 5 8.73526e-248 3.82298e-38 5 5 0
0.01587 2.00058 0.00199858 4.9985 4.99925 0.000250042 0 0 5 5.81963e-251 2.54695e-41 5 5 0
0.0159 2.00058 0.00199858 4.9985 4.99925 0.000250042 0 0 5 3.87717e-254 1.69684e-44 5 5 0
0.01593 2.00058 0.00199858 4.9985 4.99925 0.000250042 0 0 5 2.58306e-257 1.13047e-47 5 5 0
0.01596 2.00058 0.00199858 4.9985 4.99925 0.000250042 0 0 5 1.72089e-260 7.53146e-51 5 5 0
0.01599 2.00058 0.00199858 4.9985 4.99925 0.000250042 0 0 5 1.1465e-263 5.01763e-54 5 5 0
0.01602 2.00058 0.00199858 4.9985 4.99925 0.000250042 0 0 5 7.63821e-267 3.34286e-57 5 0 0
0.01605 2.00058 0.00199858 4.9985 4.99925 0.000250042 0 0 5 5.08875e-270 2.22709e-60 5 0 0
0.01608 2.00058 0.00199858 4.9985 4.99925 0.000250042 0 0 5 3.39024e-273 1.48373e-63 5 0 0
0.01611 2.00058 0.00199858 4.9985 4.99925 0.000250042 0 0 5 2.25865e-276 9.88497e-67 5 0 0
0.01614 2.00058 0.00199858 4.9985 4.99925 0.000250042 0 0 5 1.50477e-279 6.58559e-70 5 0 0
0.01617 2.00058 0.00199858 4.9985 4.99925 0.000250042 0 0 5 1.00251e-282 4.38747e-73 5 0 0
0.0162 2.00058 0.00199858 4.9985 4.99925 0.000250042 0 0 5 6.67894e-286 2.92303e-76 5 0 0
0.01623 2.00058 0.00199858 4.9985 4.99925 0.000250042 0 0 5 4.44966e-289 1.94739e-79 5 0 0
0.01626 2.00058 0.00199858 4.9985 4.99925 0.000250042 0 0 5 2.96446e-292 1.29739e-82 5 0 0
0.01629 2.00058 0.00199858 4.9985 4.99925 0.000250042 0 0 5 1.97499e-295 8.64353e-86 5 0 0
0.01632 2.00058 0.00199858 4.9985 4.99925 0.000250042 0 0 5 1.31579e-298 5.75852e-89 5 0 0
0.01635 2.00058 0.00199858 4.9985 4.99925 0.000250042 0 0 5 8.76606e-302 3.83645e-92 5 0 0
0.01638 2.00058 0.00199858 4.9985 4.99925 0.000250042 0 0 5 5.84014e-305 2.55593e-95 5 0 0
0.01641 2.00058 0.00199858 4.9985 4.99925 0.000250042 0 0 5 3.89084e-308 1.70282e-98 5 0 0
0.01644 2.00058 0.00199858 4.9985 4.99925 0.000250042 0 0 5 2.59216e-311 1.13446e-101 5 0 0
0.01647 2.00058 0.00199858 4.9985 4.99925 0.000250042 0 0 5 1.72696e-314 7.558e-105 5 0 0
0.0165 2.00058 0.00199858 4.9985 4.99925 0.000250042 0 0 5 1.15041e-317 5.03531e-108 5 2.97071e-07 0
0.01653 2.33411 0.00233167 4.99867 4.99933 4.99967 0 0 5 9.87637e-321 3.35464e-111 0.00333111 5 0
0.01656 2.33411 0.00233178 4.99867 4.99933 4.99967 0 0 5 0 2.23494e-114 2.21926e-06 5 0
0.01659 2.33411 0.00233178 4.99867 4.99933 4.99967 0 0 5 0 1.48896e-117 1.47852e-09 5 0
0.01662 2.33411 0.00233178 4.99867 4.99933 4.99967 0 0 5 0 9.91982e-121 9.85025e-13 5 0
0.01665 2.33411 0.00233178 4.99867 4.99933 4.99967 0 0 5 0 6.60881e-124 6.56246e-16 5 0
0.01668 2.33411 0.00233178 4.99867 4.99933 4.99967 0 0 5 0 4.40294e-127 4.37206e-19 5 0
0.01671 2.33411 0.00233178 4.99867 4.99933 4.99967 0 0 5 0 2.93333e-130 2.91276e-22 5 0
0.01674 2.33411 0.00233178 4.99867 4.99933 4.99967 0 0 5 0 1.95425e-133 1.94055e-25 5 0
0.01677 2.33411 0.00233178 4.99867 4.99933 4.99967 0 0 5 0 1.30197e-136 1.29284e-28 5 0
0.0168 2.33411 0.00233178 4.99867 4.99933 4.99967 0 0 5 0 8.674e-140 8.61317e-32 5 0
0.01683 2.33411 0.00233178 4.99867 4.99933 4.99967 0 0 5 0 5.77882e-143 5.73829e-35 5 0
0.01686 2.33411 0.00233178 4.99867 4.99933 4.99967 0 0 5 0 3.84998e-146 3.82298e-38 5 0
0.01689 2.33411 0.00233178 4.99867 4.99933 4.99967 0 0 5 0 2.56494e-149 2.54695e-41 5 0
0.01692 2.33411 0.00233178 4.99867 4.99933 4.99967 0 0 5 0 1.70882e-152 1.69684e-44 5 0
0.01695 2.33411 0.00233178 4.99867 4.99933 4.99967 0 0 5 0 1.13846e-155 1.13047e-47 5 0
0.01698 2.33411 0.00233178 4.99867 4.99933 4.99967 0 0 5 0 7.58465e-159 7.53146e-51 5 0
0.01701 2.33411 0.00233178 4.99867 4.99933 4.99967 0 0 5 0 5.05306e-162 5.01763e-54 0 0
0.01704 2.33411 0.00233178 4.99867 4.99933 4.99967 0 0 5 0 3.36646e-165 3.34286e-57 0 0
0.01707 2.33411 0.00233178 4.99867 4.99933 4.99967 0 0 5 0 2.24281e-168 2.22709e-60 0 0
0.0171 2.33411 0.00233178 4.99867 4.99933 4.99967 0 0 5 0 1.49421e-171 1.48373e-63 0 0
0.01713 2.33411 0.00233178 4.99867 4.99933 4.99967 0 0 5 0 9.95479e-175 9.88497e-67 0 0
0.01716 2.33411 0.00233178 4.99867 4.99933 4.99967 0 0 5 0 6.6321e-178 6.58559e-70 0 0
0.01719 2.33411 0.00233178 4.99867 4.99933 4.99967 0 0 5 0 4.41846e-181 4.38747e-73 0 0
0.01722 2.33411 0.00233178 4.99867 4.99933 4.99967 0 0 5 0 2.94367e-184 2.92303e-76 0 0
0.01725 2.33411 0.00233178 4.99867 4.99933 4.99967 0 0 5 0 1.96114e-187 1.94739e-79 0 0
0.01728 2.33411 0.00233178 4.99867 4.99933 4.99967 0 0 5 0 1.30656e-190 1.29739e-82 0 0
0.01731 2.33411 0.00233178 4.99867 4.99933 4.99967 0 0 5 0 8.70458e-194 8.64353e-86 0 0
0.01734 2.33411 0.00233178 4.99867 4.99933 4.99967 0 0 5 0 5.79919e-197 5.75852e-89 0 0
0.01737 2.33411 0.00233178 4.99867 4.99933 4.99967 0 0 5 0 3.86355e-200 3.83645e-92 0 0
0.0174 2.33411 0.00233178 4.99867 4.99933 4.99967 0 0 5 0 2.57398e-203 2.55593e-95 0 0
0.01743 2.33411 0.00233178 4.99867 4.99933 4.99967 0 0 5 0 1.71485e-206 1.70282e-98 0 0
0.01746 2.33411 0.00233178 4.99867 4.99933 4.99967 0 0 5 0 1.14247e-209 1.13446e-101 0 0
0.01749 2.33411 0.00233178 4.99867 4.99933 4.99967 0 0 5 0 7.61138e-213 7.558e-105 0 0
0.01752 2.66522 4.996 0.00133195 0.00233139 0.000333111 0 0 0.00333111 4.99667 4.99667 4.99667 5 0
0.01755 2.66589 4.99767 0.00133228 0.00066686 0.000333194 0 0 2.21926e-06 5 5 5 5 0
0.01758 2.66589 4.99767 0.00133228 0.000666306 0.000333195 0 0 1.47852e-09 5 5 5 5 0
0.01761 2.66589 4.99767 0.00133228 0.000666306 0.000333195 0 0 9.85025e-13 5 5 5 5 0
0.01764 2.66589 4.99767 0.00133228 0.000666306 0.000333195 0 0 6.56246e-16 5 5 5 5 0
0.01767 2.66589 4.99767 0.00133228 0.000666306 0.000333195 0 0 4.37206e-19 5 5 5 5 0
0.0177 2.66589 4.99767 0.00133228 0.000666306 0.000333195 0 0 2.91276e-22 5 5 5 5 0
0.01773 2.66589 4.99767 0.00133228 0.000666306 0.000333195 0 0 1.94055e-25 5 5 5 5 0
0.01776 2.66589 4.99767 0.00133228 0.000666306 0.000333195 0 0 1.29284e-28 5 5 5 5 0
0.01779 2.66589 4.99767 0.00133228 0.000666306 0.000333195 0 0 8.61317e-32 5 5 5 5 0
0.01782 2.66589 4.99767 0.00133228 0.000666306 0.000333195 0 0 5.73829e-35 5 5 5 5 0
0.01785 2.66589 4.99767 0.00133228 0.000666306 0.000333195 0 0 3.82298e-38 5 5 5 5 0
0.01788 2.66589 4.99767 0.00133228 0.000666306 0.000333195 0 0 2.54695e-41 5 5 5 5 0
0.01791 2.66589 4.99767 0.00133228 0.000666306 0.000333195 0 0 1.69684e-44 5 5 5 5 0
0.01794 2.66589 4.99767 0.00133228 0.000666306 0.000333195 0 0 1.13047e-47 5 5 5 5 0
0.01797 2.66589 4.99767 0.00133228 0.000666306 0.000333195 0 0 7.53146e-51 5 5 5 5 0
0.018 2.66589 4.99767 0.00133228 0.000666306 0.000333195 0 0 5.01763e-54 5 5 5 5 0
0.01803 2.66589 4.99767 0.00133228 0.000666306 0.000333195 0 0 3.34286e-57 5 5 5 0 0
0.01806 2.66589 4.99767 0.00133228 0.000666306 0.000333195 0 0 2.22709e-60 5 5 5 0 0
0.01809 2.66589 4.99767 0.00133228 0.000666306 0.000333195 0 0 1.48373e-63 5 5 5 0 0
0.01812 2.66589 4.99767 0.00133228 0.000666306 0.000333195 0 0 9.88497e-67 5 5 5 0 0
0.01815 2.66589 4.99767 0.00133228 0.000666306 0.000333195 0 0 6.58559e-70 5 5 5 0 0
0.01818 2.66589 4.99767 0.00133228 0.000666306 0.000333195 0 0 4.38747e-73 5 5 5 0 0
0.01821 2.66589 4.99767 0.00133228 0.000666306 0.000333195 0 0 2.92303e-76 5 5 5 0 0
0.01824 2.66589 4.99767 0.00133228 0.000666306 0.000333195 0 0 1.94739e-79 5 5 5 0 0
0.01827 2.66589 4.99767 0.00133228 0.000666306 0.000333195 0 0 1.29739e-82 5 5 5 0 0
0.0183 2.66589 4.99767 0.00133228 0.000666306 0.000333195 0 0 8.64353e-86 5 5 5 0 0
0.01833 2.66589 4.99767 0.00133228 0.000666306 0.000333195 0 0 5.75852e-89 5 5 5 0 0
0.01836 2.66589 4.99767 0.00133228 0.000666306 0.000333195 0 0 3.83645e-92 5 5 5 0 0
0.01839 2.66589 4.99767 0.00133228 0.000666306 0.000333195 0 0 2.55593e-95 5 5 5 0 0
0.01842 2.66589 4.99767 0.00133228 0.000666306 0.000333195 0 0 1.70282e-98 5 5 5 0 0
0.01845 2.66589 4.99767 0.00133228 0.000666306 0.000333195 0 0 1.13446e-101 5 5 5 0 0
0.01848 2.66589 4.99767 0.00133228 0.000666306 0.000333195 0 0 7.558e-105 5 5 5 0 0
0.01851 2.99942 4.998 0.00149896 0.000749639 4.99975 0 0 5.03531e-108 5 5 0.00333111 5 0
0.01854 2.99942 4.998 0.00149896 0.000749667 4.99975 0 0 3.35464e-111 5 5 2.21926e-06 5 0
0.01857 2.99942 4.998 0.00149896 0.000749667 4.99975 0 0 2.23494e-114 5 5 1.47852e-09 5 0
0.0186 2.99942 4.998 0.00149896 0.000749667 4.99975 0 0 1.48896e-117 5 5 9.85025e-13 5 0
0.01863 2.99942 4.998 0.00149896 0.000749667 4.99975 0 0 9.91982e-121 5 5 6.56246e-16 5 0
0.01866 2.99942 4.998 0.00149896 0.000749667 4.99975 0 0 6.60881e-124 5 5 4.37206e-19 5 0
0.01869 2.99942 4.998 0.00149896 0.000749667 4.99975 0 0 4.40294e-127 5 5 2.91276e-22 5 0
0.01872 2.99942 4.998 0.00149896 0.000749667 4.99975 0 0 2.93333e-130 5 5 1.94055e-25 5 0
0.01875 2.99942 4.998 0.00149896 0.000749667 4.99975 0 0 1.95425e-133 5 5 1.29284e-28 5 0
0.01878 2.99942 4.998 0.00149896 0.000749667 4.99975 0 0 1.30197e-136 5 5 8.61317e-32 5 0
0.01881 2.99942 4.998 0.00149896 0.000749667 4.99975 0 0 8.674e-140 5 5 5.73829e-35 5 0
0.01884 2.99942 4.998 0.00149896 0.000749667 4.99975 0 0 5.77882e-143 5 5 3.82298e-38 5 0
0.01887 2.99942 4.998 0.00149896 0.000749667 4.99975 0 0 3.84998e-146 5 5 2.54695e-41 5 0
0.0189 2.99942 4.998 0.00149896 0.000749667 4.99975 0 0 2.56494e-149 5 5 1.69684e-44 5 0
0.01893 2.99942 4.998 0.00149896 0.000749667 4.99975 0 0 1.70882e-152 5 5 1.13047e-47 5 0
0.01896 2.99942 4.998 0.00149896 0.000749667 4.99975 0 0 1.13846e-155 5 5 7.53146e-51 5 0
0.01899 2.99942 4.998 0.00149896 0.000749667 4.99975 0 0 7.58465e-159 5 5 5.01763e-54 5 0
0.01902 2.99942 4.998 0.00149896 0.000749667 4.99975 0 0 5.05306e-162 5 5 3.34286e-57 0 0
0.01905 2.99942 4.998 0.00149896 0.000749667 4.99975 0 0 3.36646e-165 5 5 2.22709e-60 0 0
0.01908 2.99942 4.998 0.00149896 0.000749667 4.99975 0 0 2.24281e-168 5 5 1.48373e-63 0 0
0.01911 2.99942 4.998 0.00149896 0.000749667 4.99975 0 0 1.49421e-171 5 5 9.88497e-67 0 0
0.01914 2.99942 4.998 0.00149896 0.000749667 4.99975 0 0 9.95479e-175 5 5 6.58559e-70 0 0
0.01917 2.99942 4.998 0.00149896 0.000749667 4.99975 0 0 6.6321e-178 5 5 4.38747e-73 0 0
0.0192 2.99942 4.998 0.00149896 0.000749667 4.99975 0 0 4.41846e-181 5 5 2.92303e-76 0 0
0.01923 2.99942 4.998 0.00149896 0.000749667 4.99975 0 0 2.94367e-184 5 5 1.94739e-79 0 0
0.01926 2.99942 4.998 0.00149896 0.000749667 4.99975 0 0 1.96114e-187 5 5 1.29739e-82 0 0
0.01929 2.99942 4.998 0.00149896 0.000749667 4.99975 0 0 1.30656e-190 5 5 8.64353e-86 0 0
0.01932 2.99942 4.998 0.00149896 0.000749667 4.99975 0 0 8.70458e-194 5 5 5.75852e-89 0 0
0.01935 2.99942 4.998 0.00149896 0.000749667 4.99975 0 0 5.79919e-197 5 5 3.83645e-92 0 0
0.01938 2.99942 4.998 0.00149896 0.000749667 4.99975 0 0 3.86355e-200 5 5 2.55593e-95 0 0
0.01941 2.99942 4.998 0.00149896 0.000749667 4.99975 0 0 2.57398e-203 5 5 1.70282e-98 0 0
0.01944 2.99942 4.998 0.00149896 0.000749667 4.99975 0 0 1.71485e-206 5 5 1.13446e-101 0 0
0.01947 2.99942 4.998 0.00149896 0.000749667 4.99975 0 0 1.14247e-209 5 5 7.558e-105 0 0
0.0195 2.99942 4.998 0.00149896 0.000749667 4.99975 0 0 7.61138e-213 5 5 5.03531e-108 0 0
0.01953 3.33264 4.99833 0.00166549 4.99792 0.000416528 0 4.99833 5.07088e-216 5 0.00333111 4.99667 5 0
0.01956 0.0011102 0.001665 5.5482e-07 0.00166528 1.38757e-07 0 0.00166556 4.99667 5 4.99667 5 5 0
0.01959 3.69837e-07 5.54631e-07 1.84826e-10 5.54862e-07 4.62239e-11 0 5.55e-07 5 5 5 5 5 0
0.01962 1.23203e-10 1.84754e-10 6.15707e-14 1.84877e-10 1.53985e-14 0 1.84938e-10 5 5 5 5 5 0
0.01965 4.10424e-14 6.15436e-14 2.05109e-17 6.15999e-14 5.12966e-18 0 6.16256e-14 5 5 5 5 5 0
0.01968 1.36724e-17 2.05009e-17 6.83277e-21 2.05248e-17 1.70883e-21 0 2.0535e-17 5 5 5 5 5 0
0.01971 4.55465e-21 6.82907e-21 2.27619e-24 6.83874e-21 5.6926e-25 0 6.84273e-21 5 5 5 5 5 0
0.01974 1.51728e-24 2.27484e-24 7.58261e-28 2.27863e-24 1.89636e-28 0 2.28015e-24 5 5 5 5 5 0
0.01977 5.05449e-28 7.57776e-28 2.52598e-31 7.59226e-28 6.31732e-32 0 7.59797e-28 5 5 5 5 5 0
0.0198 1.68379e-31 2.52424e-31 8.41475e-35 2.5297e-31 2.10448e-35 0 2.53181e-31 5 5 5 5 5 0
0.01983 5.60918e-35 8.40852e-35 2.80319e-38 8.42882e-35 7.0106e-39 0 8.43656e-35 5 5 5 5 5 0
0.01986 1.86858e-38 2.80097e-38 9.33821e-42 2.80844e-38 2.33543e-42 0 2.81125e-38 5 5 5 5 5 0
0.01989 6.22475e-42 9.33036e-42 3.11082e-45 9.35755e-42 7.77996e-46 0 9.36771e-42 5 5 5 5 5 0
0.01992 2.07364e-45 3.10805e-45 1.0363e-48 3.11788e-45 2.59172e-49 0 3.12153e-45 5 5 5 5 5 0
0.01995 6.90787e-49 1.03533e-48 3.45221e-52 1.03886e-48 8.63376e-53 0 1.04016e-48 5 5 5 5 5 0
0.01998 2.30121e-52 3.44879e-52 1.15003e-55 3.46143e-52 2.87615e-56 0 3.46605e-52 5 5 5 5 5 0
0.02001 7.66596e-56 1.14883e-55 3.83107e-59 1.15333e-55 9.58126e-60 0 1.15497e-55 5 5 5 5 0 0
0.02004 2.55375e-59 3.82689e-59 1.27624e-62 3.84282e-59 3.19179e-63 0 3.84861e-59 5 5 5 5 0 0
0.02007 8.50725e-63 1.27478e-62 4.2515e-66 1.28041e-62 1.06327e-66 0 1.28244e-62 5 5 5 5 0 0
0.0201 2.834e-66 4.24645e-66 1.41629e-69 4.26624e-66 3.54206e-70 0 4.27338e-66 5 5 5 5 0 0
0.02013 9.44087e-70 1.41454e-69 4.71807e-73 1.42149e-69 1.17996e-73 0 1.42398e-69 5 5 5 5 0 0
0.02016 3.14502e-73 4.712e-73 1.57172e-76 4.73631e-73 3.93078e-77 0 4.74503e-73 5 5 5 5 0 0
0.02019 1.04769e-76 1.56962e-76 5.23585e-80 1.57811e-76 1.30945e-80 0 1.58115e-76 5 5 5 5 0 0
0.02022 3.49016e-80 5.22859e-80 1.74421e-83 5.25818e-80 4.36216e-84 0 5.26875e-80 5 5 5 5 0 0
0.02025 1.16267e-83 1.7417e-83 5.81046e-87 1.752e-83 1.45316e-87 0 1.75566e-83 5 5 5 5 0 0
0.02028 3.87319e-87 5.80181e-87 1.93563e-90 5.83755e-87 4.84088e-91 0 5.85026e-87 5 5 5 5 0 0
0.02031 1.29027e-90 1.93265e-90 6.44812e-94 1.94504e-90 1.61263e-94 0 1.94944e-90 5 5 5 5 0 0
0.02034 4.29825e-94 6.43788e-94 2.14805e-97 6.48075e-94 5.37214e-98 0 6.49596e-94 5 5 5 5 0 0
0.02037 1.43187e-97 2.14453e-97 7.15576e-101 2.15935e-97 1.78961e-101 0 2.1646e-97 5 5 5 5 0 0
0.0204 4.76995e-101 7.14369e-101 2.38379e-104 7.19483e-101 5.9617e-105 0 7.21292e-101 5 5 5 5 0 0
0.02043 1.58901e-104 2.37965e-104 7.94106e-108 2.39727e-104 1.98601e-108 0 2.40351e-104 5 5 5 5 0 0
0.02046 5.29343e-108 7.92688e-108 2.64539e-111 7.98758e-108 6.61596e-112 0 8.00902e-108 5 5 5 5 0 0
0.02049 1.76339e-111 2.64054e-111 8.81255e-115 2.66141e-111 2.20396e-115 0 2.66878e-111 5 5 5 5 0 0
0.02052 0.333528 0.000333084 0.00016668 8.33333e-05 4.99942 0 8.89298e-115 5 5 5 0.00333111 5 0
0.02055 0.333528 0.000333194 0.000166681 8.33611e-05 4.99942 0 2.96334e-118 5 5 5 2.21926e-06 5 0
0.02058 0.333528 0.000333195 0.000166681 8.33611e-05 4.99942 0 9.87451e-122 5 5 5 1.47852e-09 5 0
0.02061 0.333528 0.000333195 0.000166681 8.33611e-05 4.99942 0 3.29041e-125 5 5 5 9.85025e-13 5 0
0.02064 0.333528 0.000333195 0.000166681 8.33611e-05 4.99942 0 1.09644e-128 5 5 5 6.56246e-16 5 0
0.02067 0.333528 0.000333195 0.000166681 8.33611e-05 4.99942 0 3.65357e-132 5 5 5 4.37206e-19 5 0
0.0207 0.333528 0.000333195 0.000166681 8.33611e-05 4.99942 0 1.21745e-135 5 5 5 2.91276e-22 5 0
0.02073 0.333528 0.000333195 0.000166681 8.33611e-05 4.99942 0 4.05682e-139 5 5 5 1.94055e-25 5 0
0.02076 0.333528 0.000333195 0.000166681 8.33611e-05 4.99942 0 1.35182e-142 5 5 5 1.29284e-28 5 0
0.02079 0.333528 0.000333195 0.000166681 8.33611e-05 4.99942 0 4.50457e-146 5 5 5 8.61317e-32 5 0
0.02082 0.333528 0.000333195 0.000166681 8.33611e-05 4.99942 0 1.50102e-149 5 5 5 5.73829e-35 5 0
0.02085 0.333528 0.000333195 0.000166681 8.33611e-05 4.99942 0 5.00174e-153 5 5 5 3.82298e-38 5 0
0.02088 0.333528 0.000333195 0.000166681 8.33611e-05 4.99942 0 1.66669e-156 5 5 5 2.54695e-41 5 0
0.02091 0.333528 0.000333195 0.000166681 8.33611e-05 4.99942 0 5.55379e-160 5 5 5 1.69684e-44 5 0
0.02094 0.333528 0.000333195 0.000166681 8.33611e-05 4.99942 0 1.85065e-163 5 5 5 1.13047e-47 5 0
0.02097 0.333528 0.000333195 0.000166681 8.33611e-05 4.99942 0 6.16677e-167 5 5 5 7.53146e-51 5 0
0.021 0.333528 0.000333195 0.000166681 8.33611e-05 4.99942 0 2.0549e-170 5 5 5 5.01763e-54 5 0
0.02103 0.333528 0.000333195 0.000166681 8.33611e-05 4.99942 0 6.8474e-174 5 5 5 3.34286e-57 0 0
0.02106 0.333528 0.000333195 0.000166681 8.33611e-05 4.99942 0 2.28171e-177 5 5 5 2.22709e-60 0 0
0.02109 0.333528 0.000333195 0.000166681 8.33611e-05 4.99942 0 7.60315e-181 5 5 5 1.48373e-63 0 0
0.02112 0.333528 0.000333195 0.000166681 8.33611e-05 4.99942 0 2.53354e-184 5 5 5 9.88497e-67 0 0
0.02115 0.333528 0.000333195 0.000166681 8.33611e-05 4.99942 0 8.44231e-188 5 5 5 6.58559e-70 0 0
0.02118 0.333528 0.000333195 0.000166681 8.33611e-05 4.99942 0 2.81317e-191 5 5 5 4.38747e-73 0 0
0.02121 0.333528 0.000333195 0.000166681 8.33611e-05 4.99942 0 9.3741e-195 5 5 5 2.92303e-76 0 0
0.02124 0.333528 0.000333195 0.000166681 8.33611e-05 4.99942 0 3.12366e-198 5 5 5 1.94739e-79 0 0
0.02127 0.333528 0.000333195 0.000166681 8.33611e-05 4.99942 0 1.04087e-201 5 5 5 1.29739e-82 0 0
0.0213 0.333528 0.000333195 0.000166681 8.33611e-05 4.99942 0 3.46842e-205 5 5 5 8.64353e-86 0 0
0.02133 0.333528 0.000333195 0.000166681 8.33611e-05 4.99942 0 1.15575e-208 5 5 5 5.75852e-89 0 0
0.02136 0.333528 0.000333195 0.000166681 8.33611e-05 4.99942 0 3.85123e-212 5 5 5 3.83645e-92 0 0
0.02139 0.333528 0.000333195 0.000166681 8.33611e-05 4.99942 0 1.28332e-215 5 5 5 2.55593e-95 0 0
0.02142 0.333528 0.000333195 0.000166681 8.33611e-05 4.99942 0 4.27629e-219 5 5 5 1.70282e-98 0 0
0.02145 0.333528 0.000333195 0.000166681 8.33611e-05 4.99942 0 1.42496e-222 5 5 5 1.13446e-101 0 0
0.02148 0.333528 0.000333195 0.000166681 8.33611e-05 4.99942 0 4.74827e-226 5 5 5 7.558e-105 0 0
0.02151 0.66675 0.000665973 0.000333208 4.99725 8.33333e-05 0 1.58223e-229 5 5 0.00333111 4.99667 5 0
0.02154 0.666972 0.000666306 0.000333319 4.99892 8.33611e-05 0 5.27234e-233 5 5 2.21926e-06 5 5 0
0.02157 0.666972 0.000666306 0.000333319 4.99892 8.33611e-05 0 1.75686e-236 5 5 1.47852e-09 5 5 0
0.0216 0.666972 0.000666306 0.000333319 4.99892 8.33611e-05 0 5.85425e-240 5 5 9.85025e-13 5 5 0
0.02163 0.666972 0.000666306 0.000333319 4.99892 8.33611e-05 0 1.95077e-243 5 5 6.56246e-16 5 5 0
0.02166 0.666972 0.000666306 0.000333319 4.99892 8.33611e-05 0 6.50039e-247 5 5 4.37206e-19 5 5 0
0.02169 0.666972 0.000666306 0.000333319 4.99892 8.33611e-05 0 2.16608e-250 5 5 2.91276e-22 5 5 0
0.02172 0.666972 0.000666306 0.000333319 4.99892 8.33611e-05 0 7.21785e-254 5 5 1.94055e-25 5 5 0
0.02175 0.666972 0.000666306 0.000333319 4.99892 8.33611e-05 0 2.40515e-257 5 5 1.29284e-28 5 5 0
0.02178 0.666972 0.000666306 0.000333319 4.99892 8.33611e-05 0 8.01448e-261 5 5 8.61317e-32 5 5 0
0.02181 0.666972 0.000666306 0.000333319 4.99892 8.33611e-05 0 2.6706e-264 5 5 5.73829e-35 5 5 0
0.02184 0.666972 0.000666306 0.000333319 4.99892 8.33611e-05 0 8.89905e-268 5 5 3.82298e-38 5 5 0
0.02187 0.666972 0.000666306 0.000333319 4.99892 8.33611e-05 0 2.96536e-271 5 5 2.54695e-41 5 5 0
0.0219 0.666972 0.000666306 0.000333319 4.99892 8.33611e-05 0 9.88124e-275 5 5 1.69684e-44 5 5 0
0.02193 0.666972 0.000666306 0.000333319 4.99892 8.33611e-05 0 3.29265e-278 5 5 1.13047e-47 5 5 0
0.02196 0.666972 0.000666306 0.000333319 4.99892 8.33611e-05 0 1.09718e-281 5 5 7.53146e-51 5 5 0
0.02199 0.666972 0.000666306 0.000333319 4.99892 8.33611e-05 0 3.65606e-285 5 5 5.01763e-54 5 5 0
0.02202 0.666972 0.000666306 0.000333319 4.99892 8.33611e-05 0 1.21828e-288 5 5 3.34286e-57 5 0 0
0.02205 0.666972 0.000666306 0.000333319 4.99892 8.33611e-05 0 4.05959e-292 5 5 2.22709e-60 5 0 0
0.02208 0.666972 0.000666306 0.000333319 4.99892 8.33611e-05 0 1.35274e-295 5 5 1.48373e-63 5 0 0
0.02211 0.666972 0.000666306 0.000333319 4.99892 8.33611e-05 0 4.50764e-299 5 5 9.88497e-67 5 0 0
0.02214 0.666972 0.000666306 0.000333319 4.99892 8.33611e-05 0 1.50205e-302 5 5 6.58559e-70 5 0 0
0.02217 0.666972 0.000666306 0.000333319 4.99892 8.33611e-05 0 5.00516e-306 5 5 4.38747e-73 5 0 0
0.0222 0.666972 0.000666306 0.000333319 4.99892 8.33611e-05 0 1.66783e-309 5 5 2.92303e-76 5 0 0
0.02223 0.666972 0.000666306 0.000333319 4.99892 8.33611e-05 0 5.55758e-313 5 5 1.94739e-79 5 0 0
0.02226 0.666972 0.000666306 0.000333319 4.99892 8.33611e-05 0 1.85193e-316 5 5 1.29739e-82 5 0 0
0.02229 0.666972 0.000666306 0.000333319 4.99892 8.33611e-05 0 5.92681e-320 5 5 8.64353e-86 5 0 0
0.02232 0.666972 0.000666306 0.000333319 4.99892 8.33611e-05 0 0 5 5 5.75852e-89 5 0 0
0.02235 0.666972 0.000666306 0.000333319 4.99892 8.33611e-05 0 0 5 5 3.83645e-92 5 0 0
0.02238 0.666972 0.000666306 0.000333319 4.99892 8.33611e-05 0 0 5 5 2.55593e-95 5 0 0
0.02241 0.666972 0.000666306 0.000333319 4.99892 8.33611e-05 0 0 5 5 1.70282e-98 5 0 0
0.02244 0.666972 0.000666306 0.000333319 4.99892 8.33611e-05 0 0 5 5 1.13446e-101 5 0 0
0.02247 0.666972 0.000666306 0.000333319 4.99892 8.33611e-05 0 0 5 5 7.558e-105 5 0 0
0.0225 0.666972 0.000666306 0.000333319 4.99892 8.33611e-05 0 0 5 5 5.03531e-108 5 0 0
0.02253 1.0005 0.000999389 0.0005 4.999 4.9995 0 0 5 5 3.35464e-111 0.00333111 5 0
0.02256 1.0005 0.0009995 0.0005 4.999 4.9995 0 0 5 5 2.23494e-114 2.21926e-06 5 0
0.02259 1.0005 0.0009995 0.0005 4.999 4.9995 0 0 5 5 1.48896e-117 1.47852e-09 5 0
0.02262 1.0005 0.0009995 0.0005 4.999 4.9995 0 0 5 5 9.91982e-121 9.85025e-13 5 0
0.02265 1.0005 0.0009995 0.0005 4.999 4.9995 0 0 5 5 6.60881e-124 6.56246e-16 5 0
0.02268 1.0005 0.0009995 0.0005 4.999 4.9995 0 0 5 5 4.40294e-127 4.37206e-19 5 0
0.02271 1.0005 0.0009995 0.0005 4.999 4.9995 0 0 5 5 2.93333e-130 2.91276e-22 5 0
0.02274 1.0005 0.0009995 0.0005 4.999 4.9995 0 0 5 5 1.95425e-133 1.94055e-25 5 0
0.02277 1.0005 0.0009995 0.0005 4.999 4.9995 0 0 5 5 1.30197e-136 1.29284e-28 5 0
0.0228 1.0005 0.0009995 0.0005 4.999 4.9995 0 0 5 5 8.674e-140 8.61317e-32 5 0
0.02283 1.0005 0.0009995 0.0005 4.999 4.9995 0 0 5 5 5.77882e-143 5.73829e-35 5 0
0.02286 1.0005 0.0009995 0.0005 4.999 4.9995 0 0 5 5 3.84998e-146 3.82298e-38 5 0
0.02289 1.0005 0.0009995 0.0005 4.999 4.9995 0 0 5 5 2.56494e-149 2.54695e-41 5 0
0.02292 1.0005 0.0009995 0.0005 4.999 4.9995 0 0 5 5 1.70882e-152 1.69684e-44 5 0
0.02295 1.0005 0.0009995 0.0005 4.999 4.9995 0 0 5 5 1.13846e-155 1.13047e-47 5 0
0.02298 1.0005 0.0009995 0.0005 4.999 4.9995 0 0 5 5 7.58465e-159 7.53146e-51 5 0
0.02301 1.0005 0.0009995 0.0005 4.999 4.9995 0 0 5 5 5.05306e-162 5.01763e-54 0 0
0.02304 1.0005 0.0009995 0.0005 4.999 4.9995 0 0 5 5 3.36646e-165 3.34286e-57 0 0
0.02307 1.0005 0.0009995 0.0005 4.999 4.9995 0 0 5 5 2.24281e-168 2.22709e-60 0 0
0.0231 1.0005 0.0009995 0.0005 4.999 4.9995 0 0 5 5 1.49421e-171 1.48373e-63 0 0
0.02313 1.0005 0.0009995 0.0005 4.999 4.9995 0 0 5 5 9.95479e-175 9.88497e-67 0 0
0.02316 1.0005 0.0009995 0.0005 4.999 4.9995 0 0 5 5 6.6321e-178 6.58559e-70 0 0
0.02319 1.0005 0.0009995 0.0005 4.999 4.9995 0 0 5 5 4.41846e-181 4.38747e-73 0 0
0.02322 1.0005 0.0009995 0.0005 4.999 4.9995 0 0 5 5 2.94367e-184 2.92303e-76 0 0
0.02325 1.0005 0.0009995 0.0005 4.999 4.9995 0 0 5 5 1.96114e-187 1.94739e-79 0 0
0.02328 1.0005 0.0009995 0.0005 4.999 4.9995 0 0 5 5 1.30656e-190 1.29739e-82 0 0
0.02331 1.0005 0.0009995 0.0005 4.999 4.9995 0 0 5 5 8.70458e-194 8.64353e-86 0 0
0.02334 1.0005 0.0009995 0.0005 4.999 4.9995 0 0 5 5 5.79919e-197 5.75852e-89 0 0
0.02337 1.0005 0.0009995 0.0005 4.999 4.9995 0 0 5 5 3.86355e-200 3.83645e-92 0 0
0.0234 1.0005 0.0009995 0.0005 4.999 4.9995 0 0 5 5 2.57398e-203 2.55593e-95 0 0
0.02343 1.0005 0.0009995 0.0005 4.999 4.9995 0 0 5 5 1.71485e-206 1.70282e-98 0 0
0.02346 1.0005 0.0009995 0.0005 4.999 4.9995 0 0 5 5 1.14247e-209 1.13446e-101 0 0
0.02349 1.0005 0.0009995 0.0005 4.999 4.9995 0 0 5 5 7.61138e-213 7.558e-105 0 0
0.02352 1.33383 0.00133239 4.99817 0.00199863 0.000166708 0 0 5 0.00333111 4.99667 4.99667 5 0
0.02355 1.33361 0.00133228 4.99817 0.000333874 0.000166681 0 0 5 2.21926e-06 5 5 5 0
0.02358 1.33361 0.00133228 4.99817 0.00033332 0.000166681 0 0 5 1.47852e-09 5 5 5 0
0.02361 1.33361 0.00133228 4.99817 0.000333319 0.000166681 0 0 5 9.85025e-13 5 5 5 0
0.02364 1.33361 0.00133228 4.99817 0.000333319 0.000166681 0 0 5 6.56246e-16 5 5 5 0
0.02367 1.33361 0.00133228 4.99817 0.000333319 0.000166681 0 0 5 4.37206e-19 5 5 5 0
0.0237 1.33361 0.00133228 4.99817 0.000333319 0.000166681 0 0 5 2.91276e-22 5 5 5 0
0.02373 1.33361 0.00133228 4.99817 0.000333319 0.000166681 0 0 5 1.94055e-25 5 5 5 0
0.02376 1.33361 0.00133228 4.99817 0.000333319 0.000166681 0 0 5 1.29284e-28 5 5 5 0
0.02379 1.33361 0.00133228 4.99817 0.000333319 0.000166681 0 0 5 8.61317e-32 5 5 5 0
0.02382 1.33361 0.00133228 4.99817 0.000333319 0.000166681 0 0 5 5.73829e-35 5 5 5 0
0.02385 1.33361 0.00133228 4.99817 0.000333319 0.000166681 0 0 5 3.82298e-38 5 5 5 0
0.02388 1.33361 0.00133228 4.99817 0.000333319 0.000166681 0 0 5 2.54695e-41 5 5 5 0
0.02391 1.33361 0.00133228 4.99817 0.000333319 0.000166681 0 0 5 1.69684e-44 5 5 5 0
0.02394 1.33361 0.00133228 4.99817 0.000333319 0.000166681 0 0 5 1.13047e-47 5 5 5 0
0.02397 1.33361 0.00133228 4.99817 0.000333319 0.000166681 0 0 5 7.53146e-51 5 5 5 0
0.024 1.33361 0.00133228 4.99817 0.000333319 0.000166681 0 0 5 5.01763e-54 5 5 5 0
0.02403 1.33361 0.00133228 4.99817 0.000333319 0.000166681 0 0 5 3.34286e-57 5 5 0 0
0.02406 1.33361 0.00133228 4.99817 0.000333319 0.000166681 0 0 5 2.22709e-60 5 5 0 0
0.02409 1.33361 0.00133228 4.99817 0.000333319 0.000166681 0 0 5 1.48373e-63 5 5 0 0
0.02412 1.33361 0.00133228 4.99817 0.000333319 0.000166681 0 0 5 9.88497e-67 5 5 0 0
0.02415 1.33361 0.00133228 4.99817 0.000333319 0.000166681 0 0 5 6.58559e-70 5 5 0 0
0.02418 1.33361 0.00133228 4.99817 0.000333319 0.000166681 0 0 5 4.38747e-73 5 5 0 0
0.02421 1.33361 0.00133228 4.99817 0.000333319 0.000166681 0 0 5 2.92303e-76 5 5 0 0
0.02424 1.33361 0.00133228 4.99817 0.000333319 0.000166681 0 0 5 1.94739e-79 5 5 0 0
0.02427 1.33361 0.00133228 4.99817 0.000333319 0.000166681 0 0 5 1.29739e-82 5 5 0 0
0.0243 1.33361 0.00133228 4.99817 0.000333319 0.000166681 0 0 5 8.64353e-86 5 5 0 0
0.02433 1.33361 0.00133228 4.99817 0.000333319 0.000166681 0 0 5 5.75852e-89 5 5 0 0
0.02436 1.33361 0.00133228 4.99817 0.000333319 0.000166681 0 0 5 3.83645e-92 5 5 0 0
0.02439 1.33361 0.00133228 4.99817 0.000333319 0.000166681 0 0 5 2.55593e-95 5 5 0 0
0.02442 1.33361 0.00133228 4.99817 0.000333319 0.000166681 0 0 5 1.70282e-98 5 5 0 0
0.02445 1.33361 0.00133228 4.99817 0.000333319 0.000166681 0 0 5 1.13446e-101 5 5 0 0
0.02448 1.33361 0.00133228 4.99817 0.000333319 0.000166681 0 0 5 7.558e-105 5 5 0 0
0.02451 1.66714 0.00166536 4.99833 0.000416653 4.99958 0 0 5 5.03531e-108 5 0.00333111 5 0
0.02454 1.66714 0.00166547 4.99833 0.00041668 4.99958 0 0 5 3.35464e-111 5 2.21926e-06 5 0
0.02457 1.66714 0.00166547 4.99833 0.00041668 4.99958 0 0 5 2.23494e-114 5 1.47852e-09 5 0
0.0246 1.66714 0.00166547 4.99833 0.00041668 4.99958 0 0 5 1.48896e-117 5 9.85025e-13 5 0
0.02463 1.66714 0.00166547 4.99833 0.00041668 4.99958 0 0 5 9.91982e-121 5 6.56246e-16 5 0
0.02466 1.66714 0.00166547 4.99833 0.00041668 4.99958 0 0 5 6.60881e-124 5 4.37206e-19 5 0
0.02469 1.66714 0.00166547 4.99833 0.00041668 4.99958 0 0 5 4.40294e-127 5 2.91276e-22 5 0
0.02472 1.66714 0.00166547 4.99833 0.00041668 4.99958 0 0 5 2.93333e-130 5 1.94055e-25 5 0
0.02475 1.66714 0.00166547 4.99833 0.00041668 4.99958 0 0 5 1.95425e-133 5 1.29284e-28 5 0
0.02478 1.66714 0.00166547 4.99833 0.00041668 4.99958 0 0 5 1.30197e-136 5 8.61317e-32 5 0
0.02481 1.66714 0.00166547 4.99833 0.00041668 4.99958 0 0 5 8.674e-140 5 5.73829e-35 5 0
0.02484 1.66714 0.00166547 4.99833 0.00041668 4.99958 0 0 5 5.77882e-143 5 3.82298e-38 5 0
0.02487 1.66714 0.00166547 4.99833 0.00041668 4.99958 0 0 5 3.84998e-146 5 2.54695e-41 5 0
0.0249 1.66714 0.00166547 4.99833 0.00041668 4.99958 0 0 5 2.56494e-149 5 1.69684e-44 5 0
0.02493 1.66714 0.00166547 4.99833 0.00041668 4.99958 0 0 5 1.70882e-152 5 1.13047e-47 5 0
0.02496 1.66714 0.00166547 4.99833 0.00041668 4.99958 0 0 5 1.13846e-155 5 7.53146e-51 5 0
0.02499 1.66714 0.00166547 4.99833 0.00041668 4.99958 0 0 5 7.58465e-159 5 5.01763e-54 5 0
0.02502 1.66714 0.00166547 4.99833 0.00041668 4.99958 0 0 5 5.05306e-162 5 3.34286e-57 0 0
0.02505 1.66714 0.00166547 4.99833 0.00041668 4.99958 0 0 5 3.36646e-165 5 2.22709e-60 0 0
0.02508 1.66714 0.00166547 4.99833 0.00041668 4.99958 0 0 5 2.24281e-168 5 1.48373e-63 0 0
0.02511 1.66714 0.00166547 4.99833 0.00041668 4.99958 0 0 5 1.49421e-171 5 9.88497e-67 0 0
0.02514 1.66714 0.00166547 4.99833 0.00041668 4.99958 0 0 5 9.95479e-175 5 6.58559e-70 0 0
0.02517 1.66714 0.00166547 4.99833 0.00041668 4.99958 0 0 5 6.6321e-178 5 4.38747e-73 0 0
0.0252 1.66714 0.00166547 4.99833 0.00041668 4.99958 0 0 5 4.41846e-181 5 2.92303e-76 0 0
0.02523 1.66714 0.00166547 4.99833 0.00041668 4.99958 0 0 5 2.94367e-184 5 1.94739e-79 0 0
0.02526 1.66714 0.00166547 4.99833 0.00041668 4.99958 0 0 5 1.96114e-187 5 1.29739e-82 0 0
0.02529 1.66714 0.00166547 4.99833 0.00041668 4.99958 0 0 5 1.30656e-190 5 8.64353e-86 0 0
0.02532 1.66714 0.00166547 4.99833 0.00041668 4.99958 0 0 5 8.70458e-194 5 5.75852e-89 0 0
0.02535 1.66714 0.00166547 4.99833 0.00041668 4.99958 0 0 5 5.79919e-197 5 3.83645e-92 0 0
0.02538 1.66714 0.00166547 4.99833 0.00041668 4.99958 0 0 5 3.86355e-200 5 2.55593e-95 0 0
0.02541 1.66714 0.00166547 4.99833 0.00041668 4.99958 0 0 5 2.57398e-203 5 1.70282e-98 0 0
0.02544 1.66714 0.00166547 4.99833 0.00041668 4.99958 0 0 5 1.71485e-206 5 1.13446e-101 0 0
0.02547 1.66714 0.00166547 4.99833 0.00041668 4.99958 0 0 5 1.14247e-209 5 7.558e-105 0 0
0.0255 1.66714 0.00166547 4.99833 0.00041668 4.99958 0 0 5 7.61138e-213 5 5.03531e-108 0 0
0.02553 2.00036 0.00199825 4.9985 4.99758 0.000250014 0 0 5 5.07088e-216 0.00333111 4.99667 5 0
0.02556 2.00058 0.00199858 4.9985 4.99925 0.000250042 0 0 5 3.37833e-219 2.21926e-06 5 5 0
0.02559 2.00058 0.00199858 4.9985 4.99925 0.000250042 0 0 5 2.25072e-222 1.47852e-09 5 5 0
0.02562 2.00058 0.00199858 4.9985 4.99925 0.000250042 0 0 5 1.49948e-225 9.85025e-13 5 5 0
0.02565 2.00058 0.00199858 4.9985 4.99925 0.000250042 0 0 5 9.98988e-229 6.56246e-16 5 5 0
0.02568 2.00058 0.00199858 4.9985 4.99925 0.000250042 0 0 5 6.65548e-232 4.37206e-19 5 5 0
0.02571 2.00058 0.00199858 4.9985 4.99925 0.000250042 0 0 5 4.43403e-235 2.91276e-22 5 5 0
0.02574 2.00058 0.00199858 4.9985 4.99925 0.000250042 0 0 5 2.95405e-238 1.94055e-25 5 5 0
0.02577 2.00058 0.00199858 4.9985 4.99925 0.000250042 0 0 5 1.96806e-241 1.29284e-28 5 5 0
0.0258 2.00058 0.00199858 4.9985 4.99925 0.000250042 0 0 5 1.31116e-244 8.61317e-32 5 5 0
0.02583 2.00058 0.00199858 4.9985 4.99925 0.000250042 0 0 5 8.73526e-248 5.73829e-35 5 5 0
0.02586 2.00058 0.00199858 4.9985 4.99925 0.000250042 0 0 5 5.81963e-251 3.82298e-38 5 5 0
0.02589 2.00058 0.00199858 4.9985 4.99925 0.000250042 0 0 5 3.87717e-254 2.54695e-41 5 5 0
0.02592 2.00058 0.00199858 4.9985 4.99925 0.000250042 0 0 5 2.58306e-257 1.69684e-44 5 5 0
0.02595 2.00058 0.00199858 4.9985 4.99925 0.000250042 0 0 5 1.72089e-260 1.13047e-47 5 5 0
0.02598 2.00058 0.00199858 4.9985 4.99925 0.000250042 0 0 5 1.1465e-263 7.53146e-51 5 5 0
0.02601 2.00058 0.00199858 4.9985 4.99925 0.000250042 0 0 5 7.63821e-267 5.01763e-54 5 0 0
0.02604 2.00058 0.00199858 4.9985 4.99925 0.000250042 0 0 5 5.08875e-270 3.34286e-57 5 0 0
0.02607 2.00058 0.00199858 4.9985 4.99925 0.000250042 0 0 5 3.39024e-273 2.22709e-60 5 0 0
0.0261 2.00058 0.00199858 4.9985 4.99925 0.000250042 0 0 5 2.25865e-276 1.48373e-63 5 0 0
0.02613 2.00058 0.00199858 4.9985 4.99925 0.000250042 0 0 5 1.50477e-279 9.88497e-67 5 0 0
0.02616 2.00058 0.00199858 4.9985 4.99925 0.000250042 0 0 5 1.00251e-282 6.58559e-70 5 0 0
0.02619 2.00058 0.00199858 4.9985 4.99925 0.000250042 0 0 5 6.67894e-286 4.38747e-73 5 0 0
0.02622 2.00058 0.00199858 4.9985 4.99925 0.000250042 0 0 5 4.44966e-289 2.92303e-76 5 0 0
0.02625 2.00058 0.00199858 4.9985 4.99925 0.000250042 0 0 5 2.96446e-292 1.94739e-79 5 0 0
0.02628 2.00058 0.00199858 4.9985 4.99925 0.000250042 0 0 5 1.97499e-295 1.29739e-82 5 0 0
0.02631 2.00058 0.00199858 4.9985 4.99925 0.000250042 0 0 5 1.31579e-298 8.64353e-86 5 0 0
0.02634 2.00058 0.00199858 4.9985 4.99925 0.000250042 0 0 5 8.76606e-302 5.75852e-89 5 0 0
0.02637 2.00058 0.00199858 4.9985 4.99925 0.000250042 0 0 5 5.84014e-305 3.83645e-92 5 0 0
0.0264 2.00058 0.00199858 4.9985 4.99925 0.000250042 0 0 5 3.89084e-308 2.55593e-95 5 0 0
0.02643 2.00058 0.00199858 4.9985 4.99925 0.000250042 0 0 5 2.59216e-311 1.70282e-98 5 0 0
0.02646 2.00058 0.00199858 4.9985 4.99925 0.000250042 0 0 5 1.72696e-314 1.13446e-101 5 0 0
0.02649 2.00058 0.00199858 4.9985 4.99925 0.000250042 0 0 5 1.15041e-317 7.558e-105 5 0 0
0.02652 2.33411 0.00233167 4.99867 4.99933 4.99967 0 0 5 9.87637e-321 5.03531e-108 0.00333111 5 0
0.02655 2.33411 0.00233178 4.99867 4.99933 4.99967 0 0 5 0 3.35464e-111 2.21926e-06 5 0
0.02658 2.33411 0.00233178 4.99867 4.99933 4.99967 0 0 5 0 2.23494e-114 1.47852e-09 5 0
0.02661 2.33411 0.00233178 4.99867 4.99933 4.99967 0 0 5 0 1.48896e-117 9.85025e-13 5 0
0.02664 2.33411 0.00233178 4.99867 4.99933 4.99967 0 0 5 0 9.91982e-121 6.56246e-16 5 0
0.02667 2.33411 0.00233178 4.99867 4.99933 4.99967 0 0 5 0 6.60881e-124 4.37206e-19 5 0
0.0267 2.33411 0.00233178 4.99867 4.99933 4.99967 0 0 5 0 4.40294e-127 2.91276e-22 5 0
0.02673 2.33411 0.00233178 4.99867 4.99933 4.99967 0 0 5 0 2.93333e-130 1.94055e-25 5 0
0.02676 2.33411 0.00233178 4.99867 4.99933 4.99967 0 0 5 0 1.95425e-133 1.29284e-28 5 0
0.02679 2.33411 0.00233178 4.99867 4.99933 4.99967 0 0 5 0 1.30197e-136 8.61317e-32 5 0
0.02682 2.33411 0.00233178 4.99867 4.99933 4.99967 0 0 5 0 8.674e-140 5.73829e-35 5 0
0.02685 2.33411 0.00233178 4.99867 4.99933 4.99967 0 0 5 0 5.77882e-143 3.82298e-38 5 0
0.02688 2.33411 0.00233178 4.99867 4.99933 4.99967 0 0 5 0 3.84998e-146 2.54695e-41 5 0
0.02691 2.33411 0.00233178 4.99867 4.99933 4.99967 0 0 5 0 2.56494e-149 1.69684e-44 5 0
0.02694 2.33411 0.00233178 4.99867 4.99933 4.99967 0 0 5 0 1.70882e-152 1.13047e-47 5 0
0.02697 2.33411 0.00233178 4.99867 4.99933 4.99967 0 0 5 0 1.13846e-155 7.53146e-51 5 0
0.027 2.33411 0.00233178 4.99867 4.99933 4.99967 0 0 5 0 7.58465e-159 5.01763e-54 5 0
0.02703 2.33411 0.00233178 4.99867 4.99933 4.99967 0 0 5 0 5.05306e-162 3.34286e-57 0 0
0.02706 2.33411 0.00233178 4.99867 4.99933 4.99967 0 0 5 0 3.36646e-165 2.22709e-60 0 0
0.02709 2.33411 0.00233178 4.99867 4.99933 4.99967 0 0 5 0 2.24281e-168 1.48373e-63 0 0
0.02712 2.33411 0.00233178 4.99867 4.99933 4.99967 0 0 5 0 1.49421e-171 9.88497e-67 0 0
0.02715 2.33411 0.00233178 4.99867 4.99933 4.99967 0 0 5 0 9.95479e-175 6.58559e-70 0 0
0.02718 2.33411 0.00233178 4.99867 4.99933 4.99967 0 0 5 0 6.6321e-178 4.38747e-73 0 0
0.02721 2.33411 0.00233178 4.99867 4.99933 4.99967 0 0 5 0 4.41846e-181 2.92303e-76 0 0
0.02724 2.33411 0.00233178 4.99867 4.99933 4.99967 0 0 5 0 2.94367e-184 1.94739e-79 0 0
0.02727 2.33411 0.00233178 4.99867 4.99933 4.99967 0 0 5 0 1.96114e-187 1.29739e-82 0 0
0.0273 2.33411 0.00233178 4.99867 4.99933 4.99967 0 0 5 0 1.30656e-190 8.64353e-86 0 0
0.02733 2.33411 0.00233178 4.99867 4.99933 4.99967 0 0 5 0 8.70458e-194 5.75852e-89 0 0
0.02736 2.33411 0.00233178 4.99867 4.99933 4.99967 0 0 5 0 5.79919e-197 3.83645e-92 0 0
0.02739 2.33411 0.00233178 4.99867 4.99933 4.99967 0 0 5 0 3.86355e-200 2.55593e-95 0 0
0.02742 2.33411 0.00233178 4.99867 4.99933 4.99967 0 0 5 0 2.57398e-203 1.70282e-98 0 0
0.02745 2.33411 0.00233178 4.99867 4.99933 4.99967 0 0 5 0 1.71485e-206 1.13446e-101 0 0
0.02748 2.33411 0.00233178 4.99867 4.99933 4.99967 0 0 5 0 1.14247e-209 7.558e-105 0 0
0.02751 2.66522 4.996 0.00133195 0.00233139 0.000333111 0 0 0.00333111 4.99667 4.99667 4.99667 5 0
0.02754 2.66589 4.99767 0.00133228 0.00066686 0.000333194 0 0 2.21926e-06 5 5 5 5 0
0.02757 2.66589 4.99767 0.00133228 0.000666306 0.000333195 0 0 1.47852e-09 5 5 5 5 0
0.0276 2.66589 4.99767 0.00133228 0.000666306 0.000333195 0 0 9.85025e-13 5 5 5 5 0
0.02763 2.66589 4.99767 0.00133228 0.000666306 0.000333195 0 0 6.56246e-16 5 5 5 5 0
0.02766 2.66589 4.99767 0.00133228 0.000666306 0.000333195 0 0 4.37206e-19 5 5 5 5 0
0.02769 2.66589 4.99767 0.00133228 0.000666306 0.000333195 0 0 2.91276e-22 5 5 5 5 0
0.02772 2.66589 4.99767 0.00133228 0.000666306 0.000333195 0 0 1.94055e-25 5 5 5 5 0
0.02775 2.66589 4.99767 0.00133228 0.000666306 0.000333195 0 0 1.29284e-28 5 5 5 5 0
0.02778 2.66589 4.99767 0.00133228 0.000666306 0.000333195 0 0 8.61317e-32 5 5 5 5 0
0.02781 2.66589 4.99767 0.00133228 0.000666306 0.000333195 0 0 5.73829e-35 5 5 5 5 0
0.02784 2.66589 4.99767 0.00133228 0.000666306 0.000333195 0 0 3.82298e-38 5 5 5 5 0
0.02787 2.66589 4.99767 0.00133228 0.000666306 0.000333195 0 0 2.54695e-41 5 5 5 5 0
0.0279 2.66589 4.99767 0.00133228 0.000666306 0.000333195 0 0 1.69684e-44 5 5 5 5 0
0.02793 2.66589 4.99767 0.00133228 0.000666306 0.000333195 0 0 1.13047e-47 5 5 5 5 0
0.02796 2.66589 4.99767 0.00133228 0.000666306 0.000333195 0 0 7.53146e-51 5 5 5 5 0
0.02799 2.66589 4.99767 0.00133228 0.000666306 0.000333195 0 0 5.01763e-54 5 5 5 5 0
0.02802 2.66589 4.99767 0.00133228 0.000666306 0.000333195 0 0 3.34286e-57 5 5 5 0 0
0.02805 2.66589 4.99767 0.00133228 0.000666306 0.000333195 0 0 2.22709e-60 5 5 5 0 0
0.02808 2.66589 4.99767 0.00133228 0.000666306 0.000333195 0 0 1.48373e-63 5 5 5 0 0
0.02811 2.66589 4.99767 0.00133228 0.000666306 0.000333195 0 0 9.88497e-67 5 5 5 0 0
0.02814 2.66589 4.99767 0.00133228 0.000666306 0.000333195 0 0 6.58559e-70 5 5 5 0 0
0.02817 2.66589 4.99767 0.00133228 0.000666306 0.000333195 0 0 4.38747e-73 5 5 5 0 0
0.0282 2.66589 4.99767 0.00133228 0.000666306 0.000333195 0 0 2.92303e-76 5 5 5 0 0
0.02823 2.66589 4.99767 0.00133228 0.000666306 0.000333195 0 0 1.94739e-79 5 5 5 0 0
0.02826 2.66589 4.99767 0.00133228 0.000666306 0.000333195 0 0 1.29739e-82 5 5 5 0 0
0.02829 2.66589 4.99767 0.00133228 0.000666306 0.000333195 0 0 8.64353e-86 5 5 5 0 0
0.02832 2.66589 4.99767 0.00133228 0.000666306 0.000333195 0 0 5.75852e-89 5 5 5 0 0
0.02835 2.66589 4.99767 0.00133228 0.000666306 0.000333195 0 0 3.83645e-92 5 5 5 0 0
0.02838 2.66589 4.99767 0.00133228 0.000666306 0.000333195 0 0 2.55593e-95 5 5 5 0 0
0.02841 2.66589 4.99767 0.00133228 0.000666306 0.000333195 0 0 1.70282e-98 5 5 5 0 0
0.02844 2.66589 4.99767 0.00133228 0.000666306 0.000333195 0 0 1.13446e-101 5 5 5 0 0
0.02847 2.66589 4.99767 0.00133228 0.000666306 0.000333195 0 0 7.558e-105 5 5 5 0 0
0.0285 2.66589 4.99767 0.00133228 0.000666306 0.000333195 0 0 5.03531e-108 5 5 5 0 0
0.02853 2.99942 4.998 0.00149896 0.000749639 4.99975 0 0 3.35464e-111 5 5 0.00333111 5 0
0.02856 2.99942 4.998 0.00149896 0.000749667 4.99975 0 0 2.23494e-114 5 5 2.21926e-06 5 0
0.02859 2.99942 4.998 0.00149896 0.000749667 4.99975 0 0 1.48896e-117 5 5 1.47852e-09 5 0
0.02862 2.99942 4.998 0.00149896 0.000749667 4.99975 0 0 9.91982e-121 5 5 9.85025e-13 5 0
0.02865 2.99942 4.998 0.00149896 0.000749667 4.99975 0 0 6.60881e-124 5 5 6.56246e-16 5 0
0.02868 2.99942 4.998 0.00149896 0.000749667 4.99975 0 0 4.40294e-127 5 5 4.37206e-19 5 0
0.02871 2.99942 4.998 0.00149896 0.000749667 4.99975 0 0 2.93333e-130 5 5 2.91276e-22 5 0
0.02874 2.99942 4.998 0.00149896 0.000749667 4.99975 0 0 1.95425e-133 5 5 1.94055e-25 5 0
0.02877 2.99942 4.998 0.00149896 0.000749667 4.99975 0 0 1.30197e-136 5 5 1.29284e-28 5 0
0.0288 2.99942 4.998 0.00149896 0.000749667 4.99975 0 0 8.674e-140 5 5 8.61317e-32 5 0
0.02883 2.99942 4.998 0.00149896 0.000749667 4.99975 0 0 5.77882e-143 5 5 5.73829e-35 5 0
0.02886 2.99942 4.998 0.00149896 0.000749667 4.99975 0 0 3.84998e-146 5 5 3.82298e-38 5 0
0.02889 2.99942 4.998 0.00149896 0.000749667 4.99975 0 0 2.56494e-149 5 5 2.54695e-41 5 0
0.02892 2.99942 4.998 0.00149896 0.000749667 4.99975 0 0 1.70882e-152 5 5 1.69684e-44 5 0
0.02895 2.99942 4.998 0.00149896 0.000749667 4.99975 0 0 1.13846e-155 5 5 1.13047e-47 5 0
0.02898 2.99942 4.998 0.00149896 0.000749667 4.99975 0 0 7.58465e-159 5 5 7.53146e-51 5 0
0.02901 2.99942 4.998 0.00149896 0.000749667 4.99975 0 0 5.05306e-162 5 5 5.01763e-54 0 0
0.02904 2.99942 4.998 0.00149896 0.000749667 4.99975 0 0 3.36646e-165 5 5 3.34286e-57 0 0
0.02907 2.99942 4.998 0.00149896 0.000749667 4.99975 0 0 2.24281e-168 5 5 2.22709e-60 0 0
0.0291 2.99942 4.998 0.00149896 0.000749667 4.99975 0 0 1.49421e-171 5 5 1.48373e-63 0 0
0.02913 2.99942 4.998 0.00149896 0.000749667 4.99975 0 0 9.95479e-175 5 5 9.88497e-67 0 0
0.02916 2.99942 4.998 0.00149896 0.000749667 4.99975 0 0 6.6321e-178 5 5 6.58559e-70 0 0
0.02919 2.99942 4.998 0.00149896 0.000749667 4.99975 0 0 4.41846e-181 5 5 4.38747e-73 0 0
0.02922 2.99942 4.998 0.00149896 0.000749667 4.99975 0 0 2.94367e-184 5 5 2.92303e-76 0 0
0.02925 2.99942 4.998 0.00149896 0.000749667 4.99975 0 0 1.96114e-187 5 5 1.94739e-79 0 0
0.02928 2.99942 4.998 0.00149896 0.000749667 4.99975 0 0 1.30656e-190 5 5 1.29739e-82 0 0
0.02931 2.99942 4.998 0.00149896 0.000749667 4.99975 0 0 8.70458e-194 5 5 8.64353e-86 0 0
0.02934 2.99942 4.998 0.00149896 0.000749667 4.99975 0 0 5.79919e-197 5 5 5.75852e-89 0 0
0.02937 2.99942 4.998 0.00149896 0.000749667 4.99975 0 0 3.86355e-200 5 5 3.83645e-92 0 0
0.0294 2.99942 4.998 0.00149896 0.000749667 4.99975 0 0 2.57398e-203 5 5 2.55593e-95 0 0
0.02943 2.99942 4.998 0.00149896 0.000749667 4.99975 0 0 1.71485e-206 5 5 1.70282e-98 0 0
0.02946 2.99942 4.998 0.00149896 0.000749667 4.99975 0 0 1.14247e-209 5 5 1.13446e-101 0 0
0.02949 2.99942 4.998 0.00149896 0.000749667 4.99975 0 0 7.61138e-213 5 5 7.558e-105 0 0
0.02952 3.33264 4.99833 0.00166549 4.99792 0.000416528 0 4.99833 5.07088e-216 5 0.00333111 4.99667 5 0
0.02955 0.0011102 0.001665 5.5482e-07 0.00166528 1.38757e-07 0 0.00166556 4.99667 5 4.99667 5 5 0
0.02958 3.69837e-07 5.54631e-07 1.84826e-10 5.54862e-07 4.62239e-11 0 5.55e-07 5 5 5 5 5 0
0.02961 1.23203e-10 1.84754e-10 6.15707e-14 1.84877e-10 1.53985e-14 0 1.84938e-10 5 5 5 5 5 0
0.02964 4.10424e-14 6.15436e-14 2.05109e-17 6.15999e-14 5.12966e-18 0 6.16256e-14 5 5 5 5 5 0
0.02967 1.36724e-17 2.05009e-17 6.83277e-21 2.05248e-17 1.70883e-21 0 2.0535e-17 5 5 5 5 5 0
0.0297 4.55465e-21 6.82907e-21 2.27619e-24 6.83874e-21 5.6926e-25 0 6.84273e-21 5 5 5 5 5 0
0.02973 1.51728e-24 2.27484e-24 7.58261e-28 2.27863e-24 1.89636e-28 0 2.28015e-24 5 5 5 5 5 0
0.02976 5.05449e-28 7.57776e-28 2.52598e-31 7.59226e-28 6.31732e-32 0 7.59797e-28 5 5 5 5 5 0
0.02979 1.68379e-31 2.52424e-31 8.41475e-35 2.5297e-31 2.10448e-35 0 2.53181e-31 5 5 5 5 5 0
0.02982 5.60918e-35 8.40852e-35 2.80319e-38 8.42882e-35 7.0106e-39 0 8.43656e-35 5 5 5 5 5 0
0.02985 1.86858e-38 2.80097e-38 9.33821e-42 2.80844e-38 2.33543e-42 0 2.81125e-38 5 5 5 5 5 0
0.02988 6.22475e-42 9.33036e-42 3.11082e-45 9.35755e-42 7.77996e-46 0 9.36771e-42 5 5 5 5 5 0
0.02991 2.07364e-45 3.10805e-45 1.0363e-48 3.11788e-45 2.59172e-49 0 3.12153e-45 5 5 5 5 5 0
0.02994 6.90787e-49 1.03533e-48 3.45221e-52 1.03886e-48 8.63376e-53 0 1.04016e-48 5 5 5 5 5 0
0.02997 2.30121e-52 3.44879e-52 1.15003e-55 3.46143e-52 2.87615e-56 0 3.46605e-52 5 5 5 5 5 0
0.03 7.66596e-56 1.14883e-55 3.83107e-59 1.15333e-55 9.58126e-60 0 1.15497e-55 5 5 5 5 5 0
