t 1 2 3 4 5 6 7 8 9 10 jV0700 
0 0 0 0 0 0 7.49999e-06 0 7.49999e-06 7.49999e-06 7.49999e-06 0
3e-05 0 0 0 0 0 4.99667 0 4.99667 4.99667 4.99667 0
6e-05 0 0 0 0 0 5 0 5 5 5 0
9e-05 0 0 0 0 0 5 0 5 5 5 0
0.00012 0 0 0 0 0 5 0 5 5 5 0
0.00015 0 0 0 0 0 5 0 5 5 5 0
0.00018 0 0 0 0 0 5 0 5 5 5 0
0.00021 0 0 0 0 0 5 0 5 5 5 0
0.00024 0 0 0 0 0 5 0 5 5 5 0
0.00027 0 0 0 0 0 5 0 5 5 5 0
0.0003 0 0 0 0 0 5 0 5 5 5 0
0.00033 0 0 0 0 0 5 0 5 5 5 0
0.00036 0 0 0 0 0 5 0 5 5 5 0
0.00039 0 0 0 0 0 5 0 5 5 5 0
0.00042 0 0 0 0 0 5 0 5 5 5 0
0.00045 0 0 0 0 0 5 0 5 5 5 0
0.00048 0 0 0 0 0 5 0 5 5 5 0
0.00051 0.333528 0.000333195 0.000166681 8.33611e-05 4.99942 0.00333111 5 5 5 5 0
0.00054 0.333528 0.000333195 0.000166681 8.33611e-05 4.99942 2.21926e-06 5 5 5 5 0
0.00057 0.333528 0.000333195 0.000166681 8.33611e-05 4.99942 1.47852e-09 5 5 5 5 0
0.0006 0.333528 0.000333195 0.000166681 8.33611e-05 4.99942 9.85025e-13 5 5 5 5 0
0.00063 0.333528 0.000333195 0.000166681 8.33611e-05 4.99942 6.56246e-16 5 5 5 5 0
0.00066 0.333528 0.000333195 0.000166681 8.33611e-05 4.99942 4.37206e-19 5 5 5 5 0
0.00069 0.333528 0.000333195 0.000166681 8.33611e-05 4.99942 2.91276e-22 5 5 5 5 0
0.00072 0.333528 0.000333195 0.000166681 8.33611e-05 4.99942 1.94055e-25 5 5 5 5 0
0.00075 0.333528 0.000333195 0.000166681 8.33611e-05 4.99942 1.29284e-28 5 5 5 5 0
0.00078 0.333528 0.000333195 0.000166681 8.33611e-05 4.99942 8.61317e-32 5 5 5 5 0
0.00081 0.333528 0.000333195 0.000166681 8.33611e-05 4.99942 5.73829e-35 5 5 5 5 0
0.00084 0.333528 0.000333195 0.000166681 8.33611e-05 4.99942 3.82298e-38 5 5 5 5 0
0.00087 0.333528 0.000333195 0.000166681 8.33611e-05 4.99942 2.54695e-41 5 5 5 5 0
0.0009 0.333528 0.000333195 0.000166681 8.33611e-05 4.99942 1.69684e-44 5 5 5 5 0
0.00093 0.333528 0.000333195 0.000166681 8.33611e-05 4.99942 1.13047e-47 5 5 5 5 0
0.00096 0.333528 0.000333195 0.000166681 8.33611e-05 4.99942 7.53146e-51 5 5 5 5 0
0.00099 0.333528 0.000333195 0.000166681 8.33611e-05 4.99942 5.01763e-54 5 5 5 5 0
0.00102 0.333528 0.000333195 0.000166681 8.33611e-05 4.99942 3.34286e-57 0 5 5 5 0
0.00105 0.333528 0.000333195 0.000166681 8.33611e-05 4.99942 2.22709e-60 0 5 5 5 0
0.00108 0.333528 0.000333195 0.000166681 8.33611e-05 4.99942 1.48373e-63 0 5 5 5 0
0.00111 0.333528 0.000333195 0.000166681 8.33611e-05 4.99942 9.88497e-67 0 5 5 5 0
0.00114 0.333528 0.000333195 0.000166681 8.33611e-05 4.99942 6.58559e-70 0 5 5 5 0
0.00117 0.333528 0.000333195 0.000166681 8.33611e-05 4.99942 4.38747e-73 0 5 5 5 0
0.0012 0.333528 0.000333195 0.000166681 8.33611e-05 4.99942 2.92303e-76 0 5 5 5 0
0.00123 0.333528 0.000333195 0.000166681 8.33611e-05 4.99942 1.94739e-79 0 5 5 5 0
0.00126 0.333528 0.000333195 0.000166681 8.33611e-05 4.99942 1.29739e-82 0 5 5 5 0
0.00129 0.333528 0.000333195 0.000166681 8.33611e-05 4.99942 8.64353e-86 0 5 5 5 0
0.00132 0.333528 0.000333195 0.000166681 8.33611e-05 4.99942 5.75852e-89 0 5 5 5 0
0.00135 0.333528 0.000333195 0.000166681 8.33611e-05 4.99942 3.83645e-92 0 5 5 5 0
0.00138 0.333528 0.000333195 0.000166681 8.33611e-05 4.99942 2.55593e-95 0 5 5 5 0
0.00141 0.333528 0.000333195 0.000166681 8.33611e-05 4.99942 1.70282e-98 0 5 5 5 0
0.00144 0.333528 0.000333195 0.000166681 8.33611e-05 4.99942 1.13446e-101 0 5 5 5 0
0.00147 0.333528 0.000333195 0.000166681 8.33611e-05 4.99942 7.558e-105 0 5 5 5 0
0.0015 0.333528 0.000333195 0.000166681 8.33611e-05 4.99942 5.03531e-108 5.42101e-09 5 5 5 0
0.00153 0.666972 0.000666306 0.000333319 4.99892 8.33611e-05 4.99667 5 0.00333111 5 5 0
0.00156 0.666972 0.000666306 0.000333319 4.99892 8.33611e-05 5 5 2.21926e-06 5 5 0
0.00159 0.666972 0.000666306 0.000333319 4.99892 8.33611e-05 5 5 1.47852e-09 5 5 0
0.00162 0.666972 0.000666306 0.000333319 4.99892 8.33611e-05 5 5 9.85025e-13 5 5 0
0.00165 0.666972 0.000666306 0.000333319 4.99892 8.33611e-05 5 5 6.56246e-16 5 5 0
0.00168 0.666972 0.000666306 0.000333319 4.99892 8.33611e-05 5 5 4.37206e-19 5 5 0
0.00171 0.666972 0.000666306 0.000333319 4.99892 8.33611e-05 5 5 2.91276e-22 5 5 0
0.00174 0.666972 0.000666306 0.000333319 4.99892 8.33611e-05 5 5 1.94055e-25 5 5 0
0.00177 0.666972 0.000666306 0.000333319 4.99892 8.33611e-05 5 5 1.29284e-28 5 5 0
0.0018 0.666972 0.000666306 0.000333319 4.99892 8.33611e-05 5 5 8.61317e-32 5 5 0
0.00183 0.666972 0.000666306 0.000333319 4.99892 8.33611e-05 5 5 5.73829e-35 5 5 0
0.00186 0.666972 0.000666306 0.000333319 4.99892 8.33611e-05 5 5 3.82298e-38 5 5 0
0.00189 0.666972 0.000666306 0.000333319 4.99892 8.33611e-05 5 5 2.54695e-41 5 5 0
0.00192 0.666972 0.000666306 0.000333319 4.99892 8.33611e-05 5 5 1.69684e-44 5 5 0
0.00195 0.666972 0.000666306 0.000333319 4.99892 8.33611e-05 5 5 1.13047e-47 5 5 0
0.00198 0.666972 0.000666306 0.000333319 4.99892 8.33611e-05 5 5 7.53146e-51 5 5 0
0.00201 0.666972 0.000666306 0.000333319 4.99892 8.33611e-05 5 0 5.01763e-54 5 5 0
0.00204 0.666972 0.000666306 0.000333319 4.99892 8.33611e-05 5 0 3.34286e-57 5 5 0
0.00207 0.666972 0.000666306 0.000333319 4.99892 8.33611e-05 5 0 2.22709e-60 5 5 0
0.0021 0.666972 0.000666306 0.000333319 4.99892 8.33611e-05 5 0 1.48373e-63 5 5 0
0.00213 0.666972 0.000666306 0.000333319 4.99892 8.33611e-05 5 0 9.88497e-67 5 5 0
0.00216 0.666972 0.000666306 0.000333319 4.99892 8.33611e-05 5 0 6.58559e-70 5 5 0
0.00219 0.666972 0.000666306 0.000333319 4.99892 8.33611e-05 5 0 4.38747e-73 5 5 0
0.00222 0.666972 0.000666306 0.000333319 4.99892 8.33611e-05 5 0 2.92303e-76 5 5 0
0.00225 0.666972 0.000666306 0.000333319 4.99892 8.33611e-05 5 0 1.94739e-79 5 5 0
0.00228 0.666972 0.000666306 0.000333319 4.99892 8.33611e-05 5 0 1.29739e-82 5 5 0
0.00231 0.666972 0.000666306 0.000333319 4.99892 8.33611e-05 5 0 8.64353e-86 5 5 0
0.00234 0.666972 0.000666306 0.000333319 4.99892 8.33611e-05 5 0 5.75852e-89 5 5 0
0.00237 0.666972 0.000666306 0.000333319 4.99892 8.33611e-05 5 0 3.83645e-92 5 5 0
0.0024 0.666972 0.000666306 0.000333319 4.99892 8.33611e-05 5 0 2.55593e-95 5 5 0
0.00243 0.666972 0.000666306 0.000333319 4.99892 8.33611e-05 5 0 1.70282e-98 5 5 0
0.00246 0.666972 0.000666306 0.000333319 4.99892 8.33611e-05 5 0 1.13446e-101 5 5 0
0.00249 0.666972 0.000666306 0.000333319 4.99892 8.33611e-05 5 0 7.558e-105 5 5 0
0.00252 1.0005 0.0009995 0.0005 4.999 4.9995 0.00333111 5 5.03531e-108 5 5 0
0.00255 1.0005 0.0009995 0.0005 4.999 4.9995 2.21926e-06 5 3.35464e-111 5 5 0
0.00258 1.0005 0.0009995 0.0005 4.999 4.9995 1.47852e-09 5 2.23494e-114 5 5 0
0.00261 1.0005 0.0009995 0.0005 4.999 4.9995 9.85025e-13 5 1.48896e-117 5 5 0
0.00264 1.0005 0.0009995 0.0005 4.999 4.9995 6.56246e-16 5 9.91982e-121 5 5 0
0.00267 1.0005 0.0009995 0.0005 4.999 4.9995 4.37206e-19 5 6.60881e-124 5 5 0
0.0027 1.0005 0.0009995 0.0005 4.999 4.9995 2.91276e-22 5 4.40294e-127 5 5 0
0.00273 1.0005 0.0009995 0.0005 4.999 4.9995 1.94055e-25 5 2.93333e-130 5 5 0
0.00276 1.0005 0.0009995 0.0005 4.999 4.9995 1.29284e-28 5 1.95425e-133 5 5 0
0.00279 1.0005 0.0009995 0.0005 4.999 4.9995 8.61317e-32 5 1.30197e-136 5 5 0
0.00282 1.0005 0.0009995 0.0005 4.999 4.9995 5.73829e-35 5 8.674e-140 5 5 0
0.00285 1.0005 0.0009995 0.0005 4.999 4.9995 3.82298e-38 5 5.77882e-143 5 5 0
0.00288 1.0005 0.0009995 0.0005 4.999 4.9995 2.54695e-41 5 3.84998e-146 5 5 0
0.00291 1.0005 0.0009995 0.0005 4.999 4.9995 1.69684e-44 5 2.56494e-149 5 5 0
0.00294 1.0005 0.0009995 0.0005 4.999 4.9995 1.13047e-47 5 1.70882e-152 5 5 0
0.00297 1.0005 0.0009995 0.0005 4.999 4.9995 7.53146e-51 5 1.13846e-155 5 5 0
0.003 1.0005 0.0009995 0.0005 4.999 4.9995 5.01763e-54 5 7.58465e-159 5 5 0
0.00303 1.0005 0.0009995 0.0005 4.999 4.9995 3.34286e-57 0 5.05306e-162 5 5 0
0.00306 1.0005 0.0009995 0.0005 4.999 4.9995 2.22709e-60 0 3.36646e-165 5 5 0
0.00309 1.0005 0.0009995 0.0005 4.999 4.9995 1.48373e-63 0 2.24281e-168 5 5 0
0.00312 1.0005 0.0009995 0.0005 4.999 4.9995 9.88497e-67 0 1.49421e-171 5 5 0
0.00315 1.0005 0.0009995 0.0005 4.999 4.9995 6.58559e-70 0 9.95479e-175 5 5 0
0.00318 1.0005 0.0009995 0.0005 4.999 4.9995 4.38747e-73 0 6.6321e-178 5 5 0
0.00321 1.0005 0.0009995 0.0005 4.999 4.9995 2.92303e-76 0 4.41846e-181 5 5 0
0.00324 1.0005 0.0009995 0.0005 4.999 4.9995 1.94739e-79 0 2.94367e-184 5 5 0
0.00327 1.0005 0.0009995 0.0005 4.999 4.9995 1.29739e-82 0 1.96114e-187 5 5 0
0.0033 1.0005 0.0009995 0.0005 4.999 4.9995 8.64353e-86 0 1.30656e-190 5 5 0
0.00333 1.0005 0.0009995 0.0005 4.999 4.9995 5.75852e-89 0 8.70458e-194 5 5 0
0.00336 1.0005 0.0009995 0.0005 4.999 4.9995 3.83645e-92 0 5.79919e-197 5 5 0
0.00339 1.0005 0.0009995 0.0005 4.999 4.9995 2.55593e-95 0 3.86355e-200 5 5 0
0.00342 1.0005 0.0009995 0.0005 4.999 4.9995 1.70282e-98 0 2.57398e-203 5 5 0
0.00345 1.0005 0.0009995 0.0005 4.999 4.9995 1.13446e-101 0 1.71485e-206 5 5 0
0.00348 1.0005 0.0009995 0.0005 4.999 4.9995 7.558e-105 0 1.14247e-209 5 5 0
0.00351 1.33361 0.00133228 4.99817 0.000333319 0.000166681 4.99667 5 4.99667 0.00333111 5 0
0.00354 1.33361 0.00133228 4.99817 0.000333319 0.000166681 5 5 5 2.21926e-06 5 0
0.00357 1.33361 0.00133228 4.99817 0.000333319 0.000166681 5 5 5 1.47852e-09 5 0
0.0036 1.33361 0.00133228 4.99817 0.000333319 0.000166681 5 5 5 9.85025e-13 5 0
0.00363 1.33361 0.00133228 4.99817 0.000333319 0.000166681 5 5 5 6.56246e-16 5 0
0.00366 1.33361 0.00133228 4.99817 0.000333319 0.000166681 5 5 5 4.37206e-19 5 0
0.00369 1.33361 0.00133228 4.99817 0.000333319 0.000166681 5 5 5 2.91276e-22 5 0
0.00372 1.33361 0.00133228 4.99817 0.000333319 0.000166681 5 5 5 1.94055e-25 5 0
0.00375 1.33361 0.00133228 4.99817 0.000333319 0.000166681 5 5 5 1.29284e-28 5 0
0.00378 1.33361 0.00133228 4.99817 0.000333319 0.000166681 5 5 5 8.61317e-32 5 0
0.00381 1.33361 0.00133228 4.99817 0.000333319 0.000166681 5 5 5 5.73829e-35 5 0
0.00384 1.33361 0.00133228 4.99817 0.000333319 0.000166681 5 5 5 3.82298e-38 5 0
0.00387 1.33361 0.00133228 4.99817 0.000333319 0.000166681 5 5 5 2.54695e-41 5 0
0.0039 1.33361 0.00133228 4.99817 0.000333319 0.000166681 5 5 5 1.69684e-44 5 0
0.00393 1.33361 0.00133228 4.99817 0.000333319 0.000166681 5 5 5 1.13047e-47 5 0
0.00396 1.33361 0.00133228 4.99817 0.000333319 0.000166681 5 5 5 7.53146e-51 5 0
0.00399 1.33361 0.00133228 4.99817 0.000333319 0.000166681 5 5 5 5.01763e-54 5 0
0.00402 1.33361 0.00133228 4.99817 0.000333319 0.000166681 5 0 5 3.34286e-57 5 0
0.00405 1.33361 0.00133228 4.99817 0.000333319 0.000166681 5 0 5 2.22709e-60 5 0
0.00408 1.33361 0.00133228 4.99817 0.000333319 0.000166681 5 0 5 1.48373e-63 5 0
0.00411 1.33361 0.00133228 4.99817 0.000333319 0.000166681 5 0 5 9.88497e-67 5 0
0.00414 1.33361 0.00133228 4.99817 0.000333319 0.000166681 5 0 5 6.58559e-70 5 0
0.00417 1.33361 0.00133228 4.99817 0.000333319 0.000166681 5 0 5 4.38747e-73 5 0
0.0042 1.33361 0.00133228 4.99817 0.000333319 0.000166681 5 0 5 2.92303e-76 5 0
0.00423 1.33361 0.00133228 4.99817 0.000333319 0.000166681 5 0 5 1.94739e-79 5 0
0.00426 1.33361 0.00133228 4.99817 0.000333319 0.000166681 5 0 5 1.29739e-82 5 0
0.00429 1.33361 0.00133228 4.99817 0.000333319 0.000166681 5 0 5 8.64353e-86 5 0
0.00432 1.33361 0.00133228 4.99817 0.000333319 0.000166681 5 0 5 5.75852e-89 5 0
0.00435 1.33361 0.00133228 4.99817 0.000333319 0.000166681 5 0 5 3.83645e-92 5 0
0.00438 1.33361 0.00133228 4.99817 0.000333319 0.000166681 5 0 5 2.55593e-95 5 0
0.00441 1.33361 0.00133228 4.99817 0.000333319 0.000166681 5 0 5 1.70282e-98 5 0
0.00444 1.33361 0.00133228 4.99817 0.000333319 0.000166681 5 0 5 1.13446e-101 5 0
0.00447 1.33361 0.00133228 4.99817 0.000333319 0.000166681 5 0 5 7.558e-105 5 0
0.0045 1.33361 0.00133228 4.99817 0.000333319 0.000166681 5 2.1684e-09 5 5.03531e-108 5 0
0.00453 1.66714 0.00166547 4.99833 0.00041668 4.99958 0.00333111 5 5 3.35464e-111 5 0
0.00456 1.66714 0.00166547 4.99833 0.00041668 4.99958 2.21926e-06 5 5 2.23494e-114 5 0
0.00459 1.66714 0.00166547 4.99833 0.00041668 4.99958 1.47852e-09 5 5 1.48896e-117 5 0
0.00462 1.66714 0.00166547 4.99833 0.00041668 4.99958 9.85025e-13 5 5 9.91982e-121 5 0
0.00465 1.66714 0.00166547 4.99833 0.00041668 4.99958 6.56246e-16 5 5 6.60881e-124 5 0
0.00468 1.66714 0.00166547 4.99833 0.00041668 4.99958 4.37206e-19 5 5 4.40294e-127 5 0
0.00471 1.66714 0.00166547 4.99833 0.00041668 4.99958 2.91276e-22 5 5 2.93333e-130 5 0
0.00474 1.66714 0.00166547 4.99833 0.00041668 4.99958 1.94055e-25 5 5 1.95425e-133 5 0
0.00477 1.66714 0.00166547 4.99833 0.00041668 4.99958 1.29284e-28 5 5 1.30197e-136 5 0
0.0048 1.66714 0.00166547 4.99833 0.00041668 4.99958 8.61317e-32 5 5 8.674e-140 5 0
0.00483 1.66714 0.00166547 4.99833 0.00041668 4.99958 5.73829e-35 5 5 5.77882e-143 5 0
0.00486 1.66714 0.00166547 4.99833 0.00041668 4.99958 3.82298e-38 5 5 3.84998e-146 5 0
0.00489 1.66714 0.00166547 4.99833 0.00041668 4.99958 2.54695e-41 5 5 2.56494e-149 5 0
0.00492 1.66714 0.00166547 4.99833 0.00041668 4.99958 1.69684e-44 5 5 1.70882e-152 5 0
0.00495 1.66714 0.00166547 4.99833 0.00041668 4.99958 1.13047e-47 5 5 1.13846e-155 5 0
0.00498 1.66714 0.00166547 4.99833 0.00041668 4.99958 7.53146e-51 5 5 7.58465e-159 5 0
0.00501 1.66714 0.00166547 4.99833 0.00041668 4.99958 5.01763e-54 0 5 5.05306e-162 5 0
0.00504 1.66714 0.00166547 4.99833 0.00041668 4.99958 3.34286e-57 0 5 3.36646e-165 5 0
0.00507 1.66714 0.00166547 4.99833 0.00041668 4.99958 2.22709e-60 0 5 2.24281e-168 5 0
0.0051 1.66714 0.00166547 4.99833 0.00041668 4.99958 1.48373e-63 0 5 1.49421e-171 5 0
0.00513 1.66714 0.00166547 4.99833 0.00041668 4.99958 9.88497e-67 0 5 9.95479e-175 5 0
0.00516 1.66714 0.00166547 4.99833 0.00041668 4.99958 6.58559e-70 0 5 6.6321e-178 5 0
0.00519 1.66714 0.00166547 4.99833 0.00041668 4.99958 4.38747e-73 0 5 4.41846e-181 5 0
0.00522 1.66714 0.00166547 4.99833 0.00041668 4.99958 2.92303e-76 0 5 2.94367e-184 5 0
0.00525 1.66714 0.00166547 4.99833 0.00041668 4.99958 1.94739e-79 0 5 1.96114e-187 5 0
0.00528 1.66714 0.00166547 4.99833 0.00041668 4.99958 1.29739e-82 0 5 1.30656e-190 5 0
0.00531 1.66714 0.00166547 4.99833 0.00041668 4.99958 8.64353e-86 0 5 8.70458e-194 5 0
0.00534 1.66714 0.00166547 4.99833 0.00041668 4.99958 5.75852e-89 0 5 5.79919e-197 5 0
0.00537 1.66714 0.00166547 4.99833 0.00041668 4.99958 3.83645e-92 0 5 3.86355e-200 5 0
0.0054 1.66714 0.00166547 4.99833 0.00041668 4.99958 2.55593e-95 0 5 2.57398e-203 5 0
0.00543 1.66714 0.00166547 4.99833 0.00041668 4.99958 1.70282e-98 0 5 1.71485e-206 5 0
0.00546 1.66714 0.00166547 4.99833 0.00041668 4.99958 1.13446e-101 0 5 1.14247e-209 5 0
0.00549 1.66714 0.00166547 4.99833 0.00041668 4.99958 7.558e-105 0 5 7.61138e-213 5 0
0.00552 2.00058 0.00199858 4.9985 4.99925 0.000250042 4.99667 5 0.00333111 5.07088e-216 5 0
0.00555 2.00058 0.00199858 4.9985 4.99925 0.000250042 5 5 2.21926e-06 3.37833e-219 5 0
0.00558 2.00058 0.00199858 4.9985 4.99925 0.000250042 5 5 1.47852e-09 2.25072e-222 5 0
0.00561 2.00058 0.00199858 4.9985 4.99925 0.000250042 5 5 9.85025e-13 1.49948e-225 5 0
0.00564 2.00058 0.00199858 4.9985 4.99925 0.000250042 5 5 6.56246e-16 9.98988e-229 5 0
0.00567 2.00058 0.00199858 4.9985 4.99925 0.000250042 5 5 4.37206e-19 6.65548e-232 5 0
0.0057 2.00058 0.00199858 4.9985 4.99925 0.000250042 5 5 2.91276e-22 4.43403e-235 5 0
0.00573 2.00058 0.00199858 4.9985 4.99925 0.000250042 5 5 1.94055e-25 2.95405e-238 5 0
0.00576 2.00058 0.00199858 4.9985 4.99925 0.000250042 5 5 1.29284e-28 1.96806e-241 5 0
0.00579 2.00058 0.00199858 4.9985 4.99925 0.000250042 5 5 8.61317e-32 1.31116e-244 5 0
0.00582 2.00058 0.00199858 4.9985 4.99925 0.000250042 5 5 5.73829e-35 8.73526e-248 5 0
0.00585 2.00058 0.00199858 4.9985 4.99925 0.000250042 5 5 3.82298e-38 5.81963e-251 5 0
0.00588 2.00058 0.00199858 4.9985 4.99925 0.000250042 5 5 2.54695e-41 3.87717e-254 5 0
0.00591 2.00058 0.00199858 4.9985 4.99925 0.000250042 5 5 1.69684e-44 2.58306e-257 5 0
0.00594 2.00058 0.00199858 4.9985 4.99925 0.000250042 5 5 1.13047e-47 1.72089e-260 5 0
0.00597 2.00058 0.00199858 4.9985 4.99925 0.000250042 5 5 7.53146e-51 1.1465e-263 5 0
0.006 2.00058 0.00199858 4.9985 4.99925 0.000250042 5 5 5.01763e-54 7.63821e-267 5 0
0.00603 2.00058 0.00199858 4.9985 4.99925 0.000250042 5 0 3.34286e-57 5.08875e-270 5 0
0.00606 2.00058 0.00199858 4.9985 4.99925 0.000250042 5 0 2.22709e-60 3.39024e-273 5 0
0.00609 2.00058 0.00199858 4.9985 4.99925 0.000250042 5 0 1.48373e-63 2.25865e-276 5 0
0.00612 2.00058 0.00199858 4.9985 4.99925 0.000250042 5 0 9.88497e-67 1.50477e-279 5 0
0.00615 2.00058 0.00199858 4.9985 4.99925 0.000250042 5 0 6.58559e-70 1.00251e-282 5 0
0.00618 2.00058 0.00199858 4.9985 4.99925 0.000250042 5 0 4.38747e-73 6.67894e-286 5 0
0.00621 2.00058 0.00199858 4.9985 4.99925 0.000250042 5 0 2.92303e-76 4.44966e-289 5 0
0.00624 2.00058 0.00199858 4.9985 4.99925 0.000250042 5 0 1.94739e-79 2.96446e-292 5 0
0.00627 2.00058 0.00199858 4.9985 4.99925 0.000250042 5 0 1.29739e-82 1.97499e-295 5 0
0.0063 2.00058 0.00199858 4.9985 4.99925 0.000250042 5 0 8.64353e-86 1.31579e-298 5 0
0.00633 2.00058 0.00199858 4.9985 4.99925 0.000250042 5 0 5.75852e-89 8.76606e-302 5 0
0.00636 2.00058 0.00199858 4.9985 4.99925 0.000250042 5 0 3.83645e-92 5.84014e-305 5 0
0.00639 2.00058 0.00199858 4.9985 4.99925 0.000250042 5 0 2.55593e-95 3.89084e-308 5 0
0.00642 2.00058 0.00199858 4.9985 4.99925 0.000250042 5 0 1.70282e-98 2.59216e-311 5 0
0.00645 2.00058 0.00199858 4.9985 4.99925 0.000250042 5 0 1.13446e-101 1.72696e-314 5 0
0.00648 2.00058 0.00199858 4.9985 4.99925 0.000250042 5 0 7.558e-105 1.15041e-317 5 0
0.00651 2.33411 0.00233178 4.99867 4.99933 4.99967 0.00333111 5 5.03531e-108 9.87637e-321 5 0
0.00654 2.33411 0.00233178 4.99867 4.99933 4.99967 2.21926e-06 5 3.35464e-111 0 5 0
0.00657 2.33411 0.00233178 4.99867 4.99933 4.99967 1.47852e-09 5 2.23494e-114 0 5 0
0.0066 2.33411 0.00233178 4.99867 4.99933 4.99967 9.85025e-13 5 1.48896e-117 0 5 0
0.00663 2.33411 0.00233178 4.99867 4.99933 4.99967 6.56246e-16 5 9.91982e-121 0 5 0
0.00666 2.33411 0.00233178 4.99867 4.99933 4.99967 4.37206e-19 5 6.60881e-124 0 5 0
0.00669 2.33411 0.00233178 4.99867 4.99933 4.99967 2.91276e-22 5 4.40294e-127 0 5 0
0.00672 2.33411 0.00233178 4.99867 4.99933 4.99967 1.94055e-25 5 2.93333e-130 0 5 0
0.00675 2.33411 0.00233178 4.99867 4.99933 4.99967 1.29284e-28 5 1.95425e-133 0 5 0
0.00678 2.33411 0.00233178 4.99867 4.99933 4.99967 8.61317e-32 5 1.30197e-136 0 5 0
0.00681 2.33411 0.00233178 4.99867 4.99933 4.99967 5.73829e-35 5 8.674e-140 0 5 0
0.00684 2.33411 0.00233178 4.99867 4.99933 4.99967 3.82298e-38 5 5.77882e-143 0 5 0
0.00687 2.33411 0.00233178 4.99867 4.99933 4.99967 2.54695e-41 5 3.84998e-146 0 5 0
0.0069 2.33411 0.00233178 4.99867 4.99933 4.99967 1.69684e-44 5 2.56494e-149 0 5 0
0.00693 2.33411 0.00233178 4.99867 4.99933 4.99967 1.13047e-47 5 1.70882e-152 0 5 0
0.00696 2.33411 0.00233178 4.99867 4.99933 4.99967 7.53146e-51 5 1.13846e-155 0 5 0
0.00699 2.33411 0.00233178 4.99867 4.99933 4.99967 5.01763e-54 5 7.58465e-159 0 5 0
0.00702 2.33411 0.00233178 4.99867 4.99933 4.99967 3.34286e-57 0 5.05306e-162 0 5 0
0.00705 2.33411 0.00233178 4.99867 4.99933 4.99967 2.22709e-60 0 3.36646e-165 0 5 0
0.00708 2.33411 0.00233178 4.99867 4.99933 4.99967 1.48373e-63 0 2.24281e-168 0 5 0
0.00711 2.33411 0.00233178 4.99867 4.99933 4.99967 9.88497e-67 0 1.49421e-171 0 5 0
0.00714 2.33411 0.00233178 4.99867 4.99933 4.99967 6.58559e-70 0 9.95479e-175 0 5 0
0.00717 2.33411 0.00233178 4.99867 4.99933 4.99967 4.38747e-73 0 6.6321e-178 0 5 0
0.0072 2.33411 0.00233178 4.99867 4.99933 4.99967 2.92303e-76 0 4.41846e-181 0 5 0
0.00723 2.33411 0.00233178 4.99867 4.99933 4.99967 1.94739e-79 0 2.94367e-184 0 5 0
0.00726 2.33411 0.00233178 4.99867 4.99933 4.99967 1.29739e-82 0 1.96114e-187 0 5 0
0.00729 2.33411 0.00233178 4.99867 4.99933 4.99967 8.64353e-86 0 1.30656e-190 0 5 0
0.00732 2.33411 0.00233178 4.99867 4.99933 4.99967 5.75852e-89 0 8.70458e-194 0 5 0
0.00735 2.33411 0.00233178 4.99867 4.99933 4.99967 3.83645e-92 0 5.79919e-197 0 5 0
0.00738 2.33411 0.00233178 4.99867 4.99933 4.99967 2.55593e-95 0 3.86355e-200 0 5 0
0.00741 2.33411 0.00233178 4.99867 4.99933 4.99967 1.70282e-98 0 2.57398e-203 0 5 0
0.00744 2.33411 0.00233178 4.99867 4.99933 4.99967 1.13446e-101 0 1.71485e-206 0 5 0
0.00747 2.33411 0.00233178 4.99867 4.99933 4.99967 7.558e-105 0 1.14247e-209 0 5 0
0.0075 2.33411 0.00233178 4.99867 4.99933 4.99967 5.03531e-108 0 7.61138e-213 0 5 0
0.00753 2.66589 4.99767 0.00133228 0.000666306 0.000333195 4.99667 5 4.99667 4.99667 0.00333111 0
0.00756 2.66589 4.99767 0.00133228 0.000666306 0.000333195 5 5 5 5 2.21926e-06 0
0.00759 2.66589 4.99767 0.00133228 0.000666306 0.000333195 5 5 5 5 1.47852e-09 0
0.00762 2.66589 4.99767 0.00133228 0.000666306 0.000333195 5 5 5 5 9.85025e-13 0
0.00765 2.66589 4.99767 0.00133228 0.000666306 0.000333195 5 5 5 5 6.56246e-16 0
0.00768 2.66589 4.99767 0.00133228 0.000666306 0.000333195 5 5 5 5 4.37206e-19 0
0.00771 2.66589 4.99767 0.00133228 0.000666306 0.000333195 5 5 5 5 2.91276e-22 0
0.00774 2.66589 4.99767 0.00133228 0.000666306 0.000333195 5 5 5 5 1.94055e-25 0
0.00777 2.66589 4.99767 0.00133228 0.000666306 0.000333195 5 5 5 5 1.29284e-28 0
0.0078 2.66589 4.99767 0.00133228 0.000666306 0.000333195 5 5 5 5 8.61317e-32 0
0.00783 2.66589 4.99767 0.00133228 0.000666306 0.000333195 5 5 5 5 5.73829e-35 0
0.00786 2.66589 4.99767 0.00133228 0.000666306 0.000333195 5 5 5 5 3.82298e-38 0
0.00789 2.66589 4.99767 0.00133228 0.000666306 0.000333195 5 5 5 5 2.54695e-41 0
0.00792 2.66589 4.99767 0.00133228 0.000666306 0.000333195 5 5 5 5 1.69684e-44 0
0.00795 2.66589 4.99767 0.00133228 0.000666306 0.000333195 5 5 5 5 1.13047e-47 0
0.00798 2.66589 4.99767 0.00133228 0.000666306 0.000333195 5 5 5 5 7.53146e-51 0
0.00801 2.66589 4.99767 0.00133228 0.000666306 0.000333195 5 0 5 5 5.01763e-54 0
0.00804 2.66589 4.99767 0.00133228 0.000666306 0.000333195 5 0 5 5 3.34286e-57 0
0.00807 2.66589 4.99767 0.00133228 0.000666306 0.000333195 5 0 5 5 2.22709e-60 0
0.0081 2.66589 4.99767 0.00133228 0.000666306 0.000333195 5 0 5 5 1.48373e-63 0
0.00813 2.66589 4.99767 0.00133228 0.000666306 0.000333195 5 0 5 5 9.88497e-67 0
0.00816 2.66589 4.99767 0.00133228 0.000666306 0.000333195 5 0 5 5 6.58559e-70 0
0.00819 2.66589 4.99767 0.00133228 0.000666306 0.000333195 5 0 5 5 4.38747e-73 0
0.00822 2.66589 4.99767 0.00133228 0.000666306 0.000333195 5 0 5 5 2.92303e-76 0
0.00825 2.66589 4.99767 0.00133228 0.000666306 0.000333195 5 0 5 5 1.94739e-79 0
0.00828 2.66589 4.99767 0.00133228 0.000666306 0.000333195 5 0 5 5 1.29739e-82 0
0.00831 2.66589 4.99767 0.00133228 0.000666306 0.000333195 5 0 5 5 8.64353e-86 0
0.00834 2.66589 4.99767 0.00133228 0.000666306 0.000333195 5 0 5 5 5.75852e-89 0
0.00837 2.66589 4.99767 0.00133228 0.000666306 0.000333195 5 0 5 5 3.83645e-92 0
0.0084 2.66589 4.99767 0.00133228 0.000666306 0.000333195 5 0 5 5 2.55593e-95 0
0.00843 2.66589 4.99767 0.00133228 0.000666306 0.000333195 5 0 5 5 1.70282e-98 0
0.00846 2.66589 4.99767 0.00133228 0.000666306 0.000333195 5 0 5 5 1.13446e-101 0
0.00849 2.66589 4.99767 0.00133228 0.000666306 0.000333195 5 0 5 5 7.558e-105 0
0.00852 2.99942 4.998 0.00149896 0.000749667 4.99975 0.00333111 5 5 5 5.03531e-108 0
0.00855 2.99942 4.998 0.00149896 0.000749667 4.99975 2.21926e-06 5 5 5 3.35464e-111 0
0.00858 2.99942 4.998 0.00149896 0.000749667 4.99975 1.47852e-09 5 5 5 2.23494e-114 0
0.00861 2.99942 4.998 0.00149896 0.000749667 4.99975 9.85025e-13 5 5 5 1.48896e-117 0
0.00864 2.99942 4.998 0.00149896 0.000749667 4.99975 6.56246e-16 5 5 5 9.91982e-121 0
0.00867 2.99942 4.998 0.00149896 0.000749667 4.99975 4.37206e-19 5 5 5 6.60881e-124 0
0.0087 2.99942 4.998 0.00149896 0.000749667 4.99975 2.91276e-22 5 5 5 4.40294e-127 0
0.00873 2.99942 4.998 0.00149896 0.000749667 4.99975 1.94055e-25 5 5 5 2.93333e-130 0
0.00876 2.99942 4.998 0.00149896 0.000749667 4.99975 1.29284e-28 5 5 5 1.95425e-133 0
0.00879 2.99942 4.998 0.00149896 0.000749667 4.99975 8.61317e-32 5 5 5 1.30197e-136 0
0.00882 2.99942 4.998 0.00149896 0.000749667 4.99975 5.73829e-35 5 5 5 8.674e-140 0
0.00885 2.99942 4.998 0.00149896 0.000749667 4.99975 3.82298e-38 5 5 5 5.77882e-143 0
0.00888 2.99942 4.998 0.00149896 0.000749667 4.99975 2.54695e-41 5 5 5 3.84998e-146 0
0.00891 2.99942 4.998 0.00149896 0.000749667 4.99975 1.69684e-44 5 5 5 2.56494e-149 0
0.00894 2.99942 4.998 0.00149896 0.000749667 4.99975 1.13047e-47 5 5 5 1.70882e-152 0
0.00897 2.99942 4.998 0.00149896 0.000749667 4.99975 7.53146e-51 5 5 5 1.13846e-155 0
0.009 2.99942 4.998 0.00149896 0.000749667 4.99975 5.01763e-54 5 5 5 7.58465e-159 0
0.00903 2.99942 4.998 0.00149896 0.000749667 4.99975 3.34286e-57 0 5 5 5.05306e-162 0
0.00906 2.99942 4.998 0.00149896 0.000749667 4.99975 2.22709e-60 0 5 5 3.36646e-165 0
0.00909 2.99942 4.998 0.00149896 0.000749667 4.99975 1.48373e-63 0 5 5 2.24281e-168 0
0.00912 2.99942 4.998 0.00149896 0.000749667 4.99975 9.88497e-67 0 5 5 1.49421e-171 0
0.00915 2.99942 4.998 0.00149896 0.000749667 4.99975 6.58559e-70 0 5 5 9.95479e-175 0
0.00918 2.99942 4.998 0.00149896 0.000749667 4.99975 4.38747e-73 0 5 5 6.6321e-178 0
0.00921 2.99942 4.998 0.00149896 0.000749667 4.99975 2.92303e-76 0 5 5 4.41846e-181 0
0.00924 2.99942 4.998 0.00149896 0.000749667 4.99975 1.94739e-79 0 5 5 2.94367e-184 0
0.00927 2.99942 4.998 0.00149896 0.000749667 4.99975 1.29739e-82 0 5 5 1.96114e-187 0
0.0093 2.99942 4.998 0.00149896 0.000749667 4.99975 8.64353e-86 0 5 5 1.30656e-190 0
0.00933 2.99942 4.998 0.00149896 0.000749667 4.99975 5.75852e-89 0 5 5 8.70458e-194 0
0.00936 2.99942 4.998 0.00149896 0.000749667 4.99975 3.83645e-92 0 5 5 5.79919e-197 0
0.00939 2.99942 4.998 0.00149896 0.000749667 4.99975 2.55593e-95 0 5 5 3.86355e-200 0
0.00942 2.99942 4.998 0.00149896 0.000749667 4.99975 1.70282e-98 0 5 5 2.57398e-203 0
0.00945 2.99942 4.998 0.00149896 0.000749667 4.99975 1.13446e-101 0 5 5 1.71485e-206 0
0.00948 2.99942 4.998 0.00149896 0.000749667 4.99975 7.558e-105 0 5 5 1.14247e-209 0
0.00951 3.33286 4.99833 0.0016656 4.99958 0.000416556 4.99667 5 0.00333111 5 7.61138e-213 0
0.00954 3.33286 4.99833 0.0016656 4.99958 0.000416556 5 5 2.21926e-06 5 5.07088e-216 0
0.00957 3.33286 4.99833 0.0016656 4.99958 0.000416556 5 5 1.47852e-09 5 3.37833e-219 0
0.0096 3.33286 4.99833 0.0016656 4.99958 0.000416556 5 5 9.85025e-13 5 2.25072e-222 0
0.00963 3.33286 4.99833 0.0016656 4.99958 0.000416556 5 5 6.56246e-16 5 1.49948e-225 0
0.00966 3.33286 4.99833 0.0016656 4.99958 0.000416556 5 5 4.37206e-19 5 9.98988e-229 0
0.00969 3.33286 4.99833 0.0016656 4.99958 0.000416556 5 5 2.91276e-22 5 6.65548e-232 0
0.00972 3.33286 4.99833 0.0016656 4.99958 0.000416556 5 5 1.94055e-25 5 4.43403e-235 0
0.00975 3.33286 4.99833 0.0016656 4.99958 0.000416556 5 5 1.29284e-28 5 2.95405e-238 0
0.00978 3.33286 4.99833 0.0016656 4.99958 0.000416556 5 5 8.61317e-32 5 1.96806e-241 0
0.00981 3.33286 4.99833 0.0016656 4.99958 0.000416556 5 5 5.73829e-35 5 1.31116e-244 0
0.00984 3.33286 4.99833 0.0016656 4.99958 0.000416556 5 5 3.82298e-38 5 8.73526e-248 0
0.00987 3.33286 4.99833 0.0016656 4.99958 0.000416556 5 5 2.54695e-41 5 5.81963e-251 0
0.0099 3.33286 4.99833 0.0016656 4.99958 0.000416556 5 5 1.69684e-44 5 3.87717e-254 0
0.00993 3.33286 4.99833 0.0016656 4.99958 0.000416556 5 5 1.13047e-47 5 2.58306e-257 0
0.00996 3.33286 4.99833 0.0016656 4.99958 0.000416556 5 5 7.53146e-51 5 1.72089e-260 0
0.00999 3.33286 4.99833 0.0016656 4.99958 0.000416556 5 5 5.01763e-54 5 1.1465e-263 0
0.01002 3.33286 4.99833 0.0016656 4.99958 0.000416556 5 0 3.34286e-57 5 7.63821e-267 0
0.01005 3.33286 4.99833 0.0016656 4.99958 0.000416556 5 0 2.22709e-60 5 5.08875e-270 0
0.01008 3.33286 4.99833 0.0016656 4.99958 0.000416556 5 0 1.48373e-63 5 3.39024e-273 0
0.01011 3.33286 4.99833 0.0016656 4.99958 0.000416556 5 0 9.88497e-67 5 2.25865e-276 0
0.01014 3.33286 4.99833 0.0016656 4.99958 0.000416556 5 0 6.58559e-70 5 1.50477e-279 0
0.01017 3.33286 4.99833 0.0016656 4.99958 0.000416556 5 0 4.38747e-73 5 1.00251e-282 0
0.0102 3.33286 4.99833 0.0016656 4.99958 0.000416556 5 0 2.92303e-76 5 6.67894e-286 0
0.01023 3.33286 4.99833 0.0016656 4.99958 0.000416556 5 0 1.94739e-79 5 4.44966e-289 0
0.01026 3.33286 4.99833 0.0016656 4.99958 0.000416556 5 0 1.29739e-82 5 2.96446e-292 0
0.01029 3.33286 4.99833 0.0016656 4.99958 0.000416556 5 0 8.64353e-86 5 1.97499e-295 0
0.01032 3.33286 4.99833 0.0016656 4.99958 0.000416556 5 0 5.75852e-89 5 1.31579e-298 0
0.01035 3.33286 4.99833 0.0016656 4.99958 0.000416556 5 0 3.83645e-92 5 8.76606e-302 0
0.01038 3.33286 4.99833 0.0016656 4.99958 0.000416556 5 0 2.55593e-95 5 5.84014e-305 0
0.01041 3.33286 4.99833 0.0016656 4.99958 0.000416556 5 0 1.70282e-98 5 3.89084e-308 0
0.01044 3.33286 4.99833 0.0016656 4.99958 0.000416556 5 0 1.13446e-101 5 2.59216e-311 0
0.01047 3.33286 4.99833 0.0016656 4.99958 0.000416556 5 0 7.558e-105 5 1.72696e-314 0
0.0105 3.33286 4.99833 0.0016656 4.99958 0.000416556 5 3.68629e-08 5.03531e-108 5 1.15041e-317 0
0.01053 3.66639 4.99867 0.00183228 4.99967 4.99983 0.00333111 5 3.35464e-111 5 9.87637e-321 0
0.01056 3.66639 4.99867 0.00183228 4.99967 4.99983 2.21926e-06 5 2.23494e-114 5 0 0
0.01059 3.66639 4.99867 0.00183228 4.99967 4.99983 1.47852e-09 5 1.48896e-117 5 0 0
0.01062 3.66639 4.99867 0.00183228 4.99967 4.99983 9.85025e-13 5 9.91982e-121 5 0 0
0.01065 3.66639 4.99867 0.00183228 4.99967 4.99983 6.56246e-16 5 6.60881e-124 5 0 0
0.01068 3.66639 4.99867 0.00183228 4.99967 4.99983 4.37206e-19 5 4.40294e-127 5 0 0
0.01071 3.66639 4.99867 0.00183228 4.99967 4.99983 2.91276e-22 5 2.93333e-130 5 0 0
0.01074 3.66639 4.99867 0.00183228 4.99967 4.99983 1.94055e-25 5 1.95425e-133 5 0 0
0.01077 3.66639 4.99867 0.00183228 4.99967 4.99983 1.29284e-28 5 1.30197e-136 5 0 0
0.0108 3.66639 4.99867 0.00183228 4.99967 4.99983 8.61317e-32 5 8.674e-140 5 0 0
0.01083 3.66639 4.99867 0.00183228 4.99967 4.99983 5.73829e-35 5 5.77882e-143 5 0 0
0.01086 3.66639 4.99867 0.00183228 4.99967 4.99983 3.82298e-38 5 3.84998e-146 5 0 0
0.01089 3.66639 4.99867 0.00183228 4.99967 4.99983 2.54695e-41 5 2.56494e-149 5 0 0
0.01092 3.66639 4.99867 0.00183228 4.99967 4.99983 1.69684e-44 5 1.70882e-152 5 0 0
0.01095 3.66639 4.99867 0.00183228 4.99967 4.99983 1.13047e-47 5 1.13846e-155 5 0 0
0.01098 3.66639 4.99867 0.00183228 4.99967 4.99983 7.53146e-51 5 7.58465e-159 5 0 0
0.01101 3.66639 4.99867 0.00183228 4.99967 4.99983 5.01763e-54 0 5.05306e-162 5 0 0
0.01104 3.66639 4.99867 0.00183228 4.99967 4.99983 3.34286e-57 0 3.36646e-165 5 0 0
0.01107 3.66639 4.99867 0.00183228 4.99967 4.99983 2.22709e-60 0 2.24281e-168 5 0 0
0.0111 3.66639 4.99867 0.00183228 4.99967 4.99983 1.48373e-63 0 1.49421e-171 5 0 0
0.01113 3.66639 4.99867 0.00183228 4.99967 4.99983 9.88497e-67 0 9.95479e-175 5 0 0
0.01116 3.66639 4.99867 0.00183228 4.99967 4.99983 6.58559e-70 0 6.6321e-178 5 0 0
0.01119 3.66639 4.99867 0.00183228 4.99967 4.99983 4.38747e-73 0 4.41846e-181 5 0 0
0.01122 3.66639 4.99867 0.00183228 4.99967 4.99983 2.92303e-76 0 2.94367e-184 5 0 0
0.01125 3.66639 4.99867 0.00183228 4.99967 4.99983 1.94739e-79 0 1.96114e-187 5 0 0
0.01128 3.66639 4.99867 0.00183228 4.99967 4.99983 1.29739e-82 0 1.30656e-190 5 0 0
0.01131 3.66639 4.99867 0.00183228 4.99967 4.99983 8.64353e-86 0 8.70458e-194 5 0 0
0.01134 3.66639 4.99867 0.00183228 4.99967 4.99983 5.75852e-89 0 5.79919e-197 5 0 0
0.01137 3.66639 4.99867 0.00183228 4.99967 4.99983 3.83645e-92 0 3.86355e-200 5 0 0
0.0114 3.66639 4.99867 0.00183228 4.99967 4.99983 2.55593e-95 0 2.57398e-203 5 0 0
0.01143 3.66639 4.99867 0.00183228 4.99967 4.99983 1.70282e-98 0 1.71485e-206 5 0 0
0.01146 3.66639 4.99867 0.00183228 4.99967 4.99983 1.13446e-101 0 1.14247e-209 5 0 0
0.01149 3.66639 4.99867 0.00183228 4.99967 4.99983 7.558e-105 0 7.61138e-213 5 0 0
0.01152 3.9995 4.999 4.9995 0.000999625 0.000499875 4.99667 5 4.99667 0.00333111 0 0
0.01155 3.9995 4.999 4.9995 0.000999625 0.000499875 5 5 5 2.21926e-06 0 0
0.01158 3.9995 4.999 4.9995 0.000999625 0.000499875 5 5 5 1.47852e-09 0 0
0.01161 3.9995 4.999 4.9995 0.000999625 0.000499875 5 5 5 9.85025e-13 0 0
0.01164 3.9995 4.999 4.9995 0.000999625 0.000499875 5 5 5 6.56246e-16 0 0
0.01167 3.9995 4.999 4.9995 0.000999625 0.000499875 5 5 5 4.37206e-19 0 0
0.0117 3.9995 4.999 4.9995 0.000999625 0.000499875 5 5 5 2.91276e-22 0 0
0.01173 3.9995 4.999 4.9995 0.000999625 0.000499875 5 5 5 1.94055e-25 0 0
0.01176 3.9995 4.999 4.9995 0.000999625 0.000499875 5 5 5 1.29284e-28 0 0
0.01179 3.9995 4.999 4.9995 0.000999625 0.000499875 5 5 5 8.61317e-32 0 0
0.01182 3.9995 4.999 4.9995 0.000999625 0.000499875 5 5 5 5.73829e-35 0 0
0.01185 3.9995 4.999 4.9995 0.000999625 0.000499875 5 5 5 3.82298e-38 0 0
0.01188 3.9995 4.999 4.9995 0.000999625 0.000499875 5 5 5 2.54695e-41 0 0
0.01191 3.9995 4.999 4.9995 0.000999625 0.000499875 5 5 5 1.69684e-44 0 0
0.01194 3.9995 4.999 4.9995 0.000999625 0.000499875 5 5 5 1.13047e-47 0 0
0.01197 3.9995 4.999 4.9995 0.000999625 0.000499875 5 5 5 7.53146e-51 0 0
0.012 3.9995 4.999 4.9995 0.000999625 0.000499875 5 5 5 5.01763e-54 0 0
0.01203 3.9995 4.999 4.9995 0.000999625 0.000499875 5 0 5 3.34286e-57 0 0
0.01206 3.9995 4.999 4.9995 0.000999625 0.000499875 5 0 5 2.22709e-60 0 0
0.01209 3.9995 4.999 4.9995 0.000999625 0.000499875 5 0 5 1.48373e-63 0 0
0.01212 3.9995 4.999 4.9995 0.000999625 0.000499875 5 0 5 9.88497e-67 0 0
0.01215 3.9995 4.999 4.9995 0.000999625 0.000499875 5 0 5 6.58559e-70 0 0
0.01218 3.9995 4.999 4.9995 0.000999625 0.000499875 5 0 5 4.38747e-73 0 0
0.01221 3.9995 4.999 4.9995 0.000999625 0.000499875 5 0 5 2.92303e-76 0 0
0.01224 3.9995 4.999 4.9995 0.000999625 0.000499875 5 0 5 1.94739e-79 0 0
0.01227 3.9995 4.999 4.9995 0.000999625 0.000499875 5 0 5 1.29739e-82 0 0
0.0123 3.9995 4.999 4.9995 0.000999625 0.000499875 5 0 5 8.64353e-86 0 0
0.01233 3.9995 4.999 4.9995 0.000999625 0.000499875 5 0 5 5.75852e-89 0 0
0.01236 3.9995 4.999 4.9995 0.000999625 0.000499875 5 0 5 3.83645e-92 0 0
0.01239 3.9995 4.999 4.9995 0.000999625 0.000499875 5 0 5 2.55593e-95 0 0
0.01242 3.9995 4.999 4.9995 0.000999625 0.000499875 5 0 5 1.70282e-98 0 0
0.01245 3.9995 4.999 4.9995 0.000999625 0.000499875 5 0 5 1.13446e-101 0 0
0.01248 3.9995 4.999 4.9995 0.000999625 0.000499875 5 0 5 7.558e-105 0 0
0.01251 4.33303 4.99933 4.99967 0.00108299 4.99992 0.00333111 5 5 5.03531e-108 0 0
0.01254 4.33303 4.99933 4.99967 0.00108299 4.99992 2.21926e-06 5 5 3.35464e-111 0 0
0.01257 4.33303 4.99933 4.99967 0.00108299 4.99992 1.47852e-09 5 5 2.23494e-114 0 0
0.0126 4.33303 4.99933 4.99967 0.00108299 4.99992 9.85025e-13 5 5 1.48896e-117 0 0
0.01263 4.33303 4.99933 4.99967 0.00108299 4.99992 6.56246e-16 5 5 9.91982e-121 0 0
0.01266 4.33303 4.99933 4.99967 0.00108299 4.99992 4.37206e-19 5 5 6.60881e-124 0 0
0.01269 4.33303 4.99933 4.99967 0.00108299 4.99992 2.91276e-22 5 5 4.40294e-127 0 0
0.01272 4.33303 4.99933 4.99967 0.00108299 4.99992 1.94055e-25 5 5 2.93333e-130 0 0
0.01275 4.33303 4.99933 4.99967 0.00108299 4.99992 1.29284e-28 5 5 1.95425e-133 0 0
0.01278 4.33303 4.99933 4.99967 0.00108299 4.99992 8.61317e-32 5 5 1.30197e-136 0 0
0.01281 4.33303 4.99933 4.99967 0.00108299 4.99992 5.73829e-35 5 5 8.674e-140 0 0
0.01284 4.33303 4.99933 4.99967 0.00108299 4.99992 3.82298e-38 5 5 5.77882e-143 0 0
0.01287 4.33303 4.99933 4.99967 0.00108299 4.99992 2.54695e-41 5 5 3.84998e-146 0 0
0.0129 4.33303 4.99933 4.99967 0.00108299 4.99992 1.69684e-44 5 5 2.56494e-149 0 0
0.01293 4.33303 4.99933 4.99967 0.00108299 4.99992 1.13047e-47 5 5 1.70882e-152 0 0
0.01296 4.33303 4.99933 4.99967 0.00108299 4.99992 7.53146e-51 5 5 1.13846e-155 0 0
0.01299 4.33303 4.99933 4.99967 0.00108299 4.99992 5.01763e-54 5 5 7.58465e-159 0 0
0.01302 4.33303 4.99933 4.99967 0.00108299 4.99992 3.34286e-57 0 5 5.05306e-162 0 0
0.01305 4.33303 4.99933 4.99967 0.00108299 4.99992 2.22709e-60 0 5 3.36646e-165 0 0
0.01308 4.33303 4.99933 4.99967 0.00108299 4.99992 1.48373e-63 0 5 2.24281e-168 0 0
0.01311 4.33303 4.99933 4.99967 0.00108299 4.99992 9.88497e-67 0 5 1.49421e-171 0 0
0.01314 4.33303 4.99933 4.99967 0.00108299 4.99992 6.58559e-70 0 5 9.95479e-175 0 0
0.01317 4.33303 4.99933 4.99967 0.00108299 4.99992 4.38747e-73 0 5 6.6321e-178 0 0
0.0132 4.33303 4.99933 4.99967 0.00108299 4.99992 2.92303e-76 0 5 4.41846e-181 0 0
0.01323 4.33303 4.99933 4.99967 0.00108299 4.99992 1.94739e-79 0 5 2.94367e-184 0 0
0.01326 4.33303 4.99933 4.99967 0.00108299 4.99992 1.29739e-82 0 5 1.96114e-187 0 0
0.01329 4.33303 4.99933 4.99967 0.00108299 4.99992 8.64353e-86 0 5 1.30656e-190 0 0
0.01332 4.33303 4.99933 4.99967 0.00108299 4.99992 5.75852e-89 0 5 8.70458e-194 0 0
0.01335 4.33303 4.99933 4.99967 0.00108299 4.99992 3.83645e-92 0 5 5.79919e-197 0 0
0.01338 4.33303 4.99933 4.99967 0.00108299 4.99992 2.55593e-95 0 5 3.86355e-200 0 0
0.01341 4.33303 4.99933 4.99967 0.00108299 4.99992 1.70282e-98 0 5 2.57398e-203 0 0
0.01344 4.33303 4.99933 4.99967 0.00108299 4.99992 1.13446e-101 0 5 1.71485e-206 0 0
0.01347 4.33303 4.99933 4.99967 0.00108299 4.99992 7.558e-105 0 5 1.14247e-209 0 0
0.0135 4.33303 4.99933 4.99967 0.00108299 4.99992 5.03531e-108 2.92735e-07 5 7.61138e-213 0 0
0.01353 4.66647 4.99967 4.99983 4.99992 0.000583236 4.99667 5 0.00333111 5.07088e-216 0 0
0.01356 4.66647 4.99967 4.99983 4.99992 0.000583236 5 5 2.21926e-06 3.37833e-219 0 0
0.01359 4.66647 4.99967 4.99983 4.99992 0.000583236 5 5 1.47852e-09 2.25072e-222 0 0
0.01362 4.66647 4.99967 4.99983 4.99992 0.000583236 5 5 9.85025e-13 1.49948e-225 0 0
0.01365 4.66647 4.99967 4.99983 4.99992 0.000583236 5 5 6.56246e-16 9.98988e-229 0 0
0.01368 4.66647 4.99967 4.99983 4.99992 0.000583236 5 5 4.37206e-19 6.65548e-232 0 0
0.01371 4.66647 4.99967 4.99983 4.99992 0.000583236 5 5 2.91276e-22 4.43403e-235 0 0
0.01374 4.66647 4.99967 4.99983 4.99992 0.000583236 5 5 1.94055e-25 2.95405e-238 0 0
0.01377 4.66647 4.99967 4.99983 4.99992 0.000583236 5 5 1.29284e-28 1.96806e-241 0 0
0.0138 4.66647 4.99967 4.99983 4.99992 0.000583236 5 5 8.61317e-32 1.31116e-244 0 0
0.01383 4.66647 4.99967 4.99983 4.99992 0.000583236 5 5 5.73829e-35 8.73526e-248 0 0
0.01386 4.66647 4.99967 4.99983 4.99992 0.000583236 5 5 3.82298e-38 5.81963e-251 0 0
0.01389 4.66647 4.99967 4.99983 4.99992 0.000583236 5 5 2.54695e-41 3.87717e-254 0 0
0.01392 4.66647 4.99967 4.99983 4.99992 0.000583236 5 5 1.69684e-44 2.58306e-257 0 0
0.01395 4.66647 4.99967 4.99983 4.99992 0.000583236 5 5 1.13047e-47 1.72089e-260 0 0
0.01398 4.66647 4.99967 4.99983 4.99992 0.000583236 5 5 7.53146e-51 1.1465e-263 0 0
0.01401 4.66647 4.99967 4.99983 4.99992 0.000583236 5 0 5.01763e-54 7.63821e-267 0 0
0.01404 4.66647 4.99967 4.99983 4.99992 0.000583236 5 0 3.34286e-57 5.08875e-270 0 0
0.01407 4.66647 4.99967 4.99983 4.99992 0.000583236 5 0 2.22709e-60 3.39024e-273 0 0
0.0141 4.66647 4.99967 4.99983 4.99992 0.000583236 5 0 1.48373e-63 2.25865e-276 0 0
0.01413 4.66647 4.99967 4.99983 4.99992 0.000583236 5 0 9.88497e-67 1.50477e-279 0 0
0.01416 4.66647 4.99967 4.99983 4.99992 0.000583236 5 0 6.58559e-70 1.00251e-282 0 0
0.01419 4.66647 4.99967 4.99983 4.99992 0.000583236 5 0 4.38747e-73 6.67894e-286 0 0
0.01422 4.66647 4.99967 4.99983 4.99992 0.000583236 5 0 2.92303e-76 4.44966e-289 0 0
0.01425 4.66647 4.99967 4.99983 4.99992 0.000583236 5 0 1.94739e-79 2.96446e-292 0 0
0.01428 4.66647 4.99967 4.99983 4.99992 0.000583236 5 0 1.29739e-82 1.97499e-295 0 0
0.01431 4.66647 4.99967 4.99983 4.99992 0.000583236 5 0 8.64353e-86 1.31579e-298 0 0
0.01434 4.66647 4.99967 4.99983 4.99992 0.000583236 5 0 5.75852e-89 8.76606e-302 0 0
0.01437 4.66647 4.99967 4.99983 4.99992 0.000583236 5 0 3.83645e-92 5.84014e-305 0 0
0.0144 4.66647 4.99967 4.99983 4.99992 0.000583236 5 0 2.55593e-95 3.89084e-308 0 0
0.01443 4.66647 4.99967 4.99983 4.99992 0.000583236 5 0 1.70282e-98 2.59216e-311 0 0
0.01446 4.66647 4.99967 4.99983 4.99992 0.000583236 5 0 1.13446e-101 1.72696e-314 0 0
0.01449 4.66647 4.99967 4.99983 4.99992 0.000583236 5 0 7.558e-105 1.15041e-317 0 0
0.01452 5 5 5 5 5 0.00333111 5 5.03531e-108 9.87637e-321 0 0
0.01455 5 5 5 5 5 2.21926e-06 5 3.35464e-111 0 0 0
0.01458 5 5 5 5 5 1.47852e-09 5 2.23494e-114 0 0 0
0.01461 5 5 5 5 5 9.85025e-13 5 1.48896e-117 0 0 0
0.01464 5 5 5 5 5 6.56246e-16 5 9.91982e-121 0 0 0
0.01467 5 5 5 5 5 4.37206e-19 5 6.60881e-124 0 0 0
0.0147 5 5 5 5 5 2.91276e-22 5 4.40294e-127 0 0 0
0.01473 5 5 5 5 5 1.94055e-25 5 2.93333e-130 0 0 0
0.01476 5 5 5 5 5 1.29284e-28 5 1.95425e-133 0 0 0
0.01479 5 5 5 5 5 8.61317e-32 5 1.30197e-136 0 0 0
0.01482 5 5 5 5 5 5.73829e-35 5 8.674e-140 0 0 0
0.01485 5 5 5 5 5 3.82298e-38 5 5.77882e-143 0 0 0
0.01488 5 5 5 5 5 2.54695e-41 5 3.84998e-146 0 0 0
0.01491 5 5 5 5 5 1.69684e-44 5 2.56494e-149 0 0 0
0.01494 5 5 5 5 5 1.13047e-47 5 1.70882e-152 0 0 0
0.01497 5 5 5 5 5 7.53146e-51 5 1.13846e-155 0 0 0
0.015 5 5 5 5 5 5.01763e-54 5 7.58465e-159 0 0 0
0.01503 5 5 5 5 5 3.34286e-57 0 5.05306e-162 0 0 0
0.01506 5 5 5 5 5 2.22709e-60 0 3.36646e-165 0 0 0
0.01509 5 5 5 5 5 1.48373e-63 0 2.24281e-168 0 0 0
0.01512 5 5 5 5 5 9.88497e-67 0 1.49421e-171 0 0 0
0.01515 5 5 5 5 5 6.58559e-70 0 9.95479e-175 0 0 0
0.01518 5 5 5 5 5 4.38747e-73 0 6.6321e-178 0 0 0
0.01521 5 5 5 5 5 2.92303e-76 0 4.41846e-181 0 0 0
0.01524 5 5 5 5 5 1.94739e-79 0 2.94367e-184 0 0 0
0.01527 5 5 5 5 5 1.29739e-82 0 1.96114e-187 0 0 0
0.0153 5 5 5 5 5 8.64353e-86 0 1.30656e-190 0 0 0
0.01533 5 5 5 5 5 5.75852e-89 0 8.70458e-194 0 0 0
0.01536 5 5 5 5 5 3.83645e-92 0 5.79919e-197 0 0 0
0.01539 5 5 5 5 5 2.55593e-95 0 3.86355e-200 0 0 0
0.01542 5 5 5 5 5 1.70282e-98 0 2.57398e-203 0 0 0
0.01545 5 5 5 5 5 1.13446e-101 0 1.71485e-206 0 0 0
0.01548 5 5 5 5 5 7.558e-105 0 1.14247e-209 0 0 0
0.01551 0 0 0 0 0 4.99667 5 4.99667 4.99667 4.99667 0
0.01554 0 0 0 0 0 5 5 5 5 5 0
0.01557 0 0 0 0 0 5 5 5 5 5 0
0.0156 0 0 0 0 0 5 5 5 5 5 0
0.01563 0 0 0 0 0 5 5 5 5 5 0
0.01566 0 0 0 0 0 5 5 5 5 5 0
0.01569 0 0 0 0 0 5 5 5 5 5 0
0.01572 0 0 0 0 0 5 5 5 5 5 0
0.01575 0 0 0 0 0 5 5 5 5 5 0
0.01578 0 0 0 0 0 5 5 5 5 5 0
0.01581 0 0 0 0 0 5 5 5 5 5 0
0.01584 0 0 0 0 0 5 5 5 5 5 0
0.01587 0 0 0 0 0 5 5 5 5 5 0
0.0159 0 0 0 0 0 5 5 5 5 5 0
0.01593 0 0 0 0 0 5 5 5 5 5 0
0.01596 0 0 0 0 0 5 5 5 5 5 0
0.01599 0 0 0 0 0 5 5 5 5 5 0
0.01602 0 0 0 0 0 5 0 5 5 5 0
0.01605 0 0 0 0 0 5 0 5 5 5 0
0.01608 0 0 0 0 0 5 0 5 5 5 0
0.01611 0 0 0 0 0 5 0 5 5 5 0
0.01614 0 0 0 0 0 5 0 5 5 5 0
0.01617 0 0 0 0 0 5 0 5 5 5 0
0.0162 0 0 0 0 0 5 0 5 5 5 0
0.01623 0 0 0 0 0 5 0 5 5 5 0
0.01626 0 0 0 0 0 5 0 5 5 5 0
0.01629 0 0 0 0 0 5 0 5 5 5 0
0.01632 0 0 0 0 0 5 0 5 5 5 0
0.01635 0 0 0 0 0 5 0 5 5 5 0
0.01638 0 0 0 0 0 5 0 5 5 5 0
0.01641 0 0 0 0 0 5 0 5 5 5 0
0.01644 0 0 0 0 0 5 0 5 5 5 0
0.01647 0 0 0 0 0 5 0 5 5 5 0
0.0165 0 0 0 0 0 5 2.97071e-07 5 5 5 0
0.01653 0.333528 0.000333195 0.000166681 8.33611e-05 4.99942 0.00333111 5 5 5 5 0
0.01656 0.333528 0.000333195 0.000166681 8.33611e-05 4.99942 2.21926e-06 5 5 5 5 0
0.01659 0.333528 0.000333195 0.000166681 8.33611e-05 4.99942 1.47852e-09 5 5 5 5 0
0.01662 0.333528 0.000333195 0.000166681 8.33611e-05 4.99942 9.85025e-13 5 5 5 5 0
0.01665 0.333528 0.000333195 0.000166681 8.33611e-05 4.99942 6.56246e-16 5 5 5 5 0
0.01668 0.333528 0.000333195 0.000166681 8.33611e-05 4.99942 4.37206e-19 5 5 5 5 0
0.01671 0.333528 0.000333195 0.000166681 8.33611e-05 4.99942 2.91276e-22 5 5 5 5 0
0.01674 0.333528 0.000333195 0.000166681 8.33611e-05 4.99942 1.94055e-25 5 5 5 5 0
0.01677 0.333528 0.000333195 0.000166681 8.33611e-05 4.99942 1.29284e-28 5 5 5 5 0
0.0168 0.333528 0.000333195 0.000166681 8.33611e-05 4.99942 8.61317e-32 5 5 5 5 0
0.01683 0.333528 0.000333195 0.000166681 8.33611e-05 4.99942 5.73829e-35 5 5 5 5 0
0.01686 0.333528 0.000333195 0.000166681 8.33611e-05 4.99942 3.82298e-38 5 5 5 5 0
0.01689 0.333528 0.000333195 0.000166681 8.33611e-05 4.99942 2.54695e-41 5 5 5 5 0
0.01692 0.333528 0.000333195 0.000166681 8.33611e-05 4.99942 1.69684e-44 5 5 5 5 0
0.01695 0.333528 0.000333195 0.000166681 8.33611e-05 4.99942 1.13047e-47 5 5 5 5 0
0.01698 0.333528 0.000333195 0.000166681 8.33611e-05 4.99942 7.53146e-51 5 5 5 5 0
0.01701 0.333528 0.000333195 0.000166681 8.33611e-05 4.99942 5.01763e-54 0 5 5 5 0
0.01704 0.333528 0.000333195 0.000166681 8.33611e-05 4.99942 3.34286e-57 0 5 5 5 0
0.01707 0.333528 0.000333195 0.000166681 8.33611e-05 4.99942 2.22709e-60 0 5 5 5 0
0.0171 0.333528 0.000333195 0.000166681 8.33611e-05 4.99942 1.48373e-63 0 5 5 5 0
0.01713 0.333528 0.000333195 0.000166681 8.33611e-05 4.99942 9.88497e-67 0 5 5 5 0
0.01716 0.333528 0.000333195 0.000166681 8.33611e-05 4.99942 6.58559e-70 0 5 5 5 0
0.01719 0.333528 0.000333195 0.000166681 8.33611e-05 4.99942 4.38747e-73 0 5 5 5 0
0.01722 0.333528 0.000333195 0.000166681 8.33611e-05 4.99942 2.92303e-76 0 5 5 5 0
0.01725 0.333528 0.000333195 0.000166681 8.33611e-05 4.99942 1.94739e-79 0 5 5 5 0
0.01728 0.333528 0.000333195 0.000166681 8.33611e-05 4.99942 1.29739e-82 0 5 5 5 0
0.01731 0.333528 0.000333195 0.000166681 8.33611e-05 4.99942 8.64353e-86 0 5 5 5 0
0.01734 0.333528 0.000333195 0.000166681 8.33611e-05 4.99942 5.75852e-89 0 5 5 5 0
0.01737 0.333528 0.000333195 0.000166681 8.33611e-05 4.99942 3.83645e-92 0 5 5 5 0
0.0174 0.333528 0.000333195 0.000166681 8.33611e-05 4.99942 2.55593e-95 0 5 5 5 0
0.01743 0.333528 0.000333195 0.000166681 8.33611e-05 4.99942 1.70282e-98 0 5 5 5 0
0.01746 0.333528 0.000333195 0.000166681 8.33611e-05 4.99942 1.13446e-101 0 5 5 5 0
0.01749 0.333528 0.000333195 0.000166681 8.33611e-05 4.99942 7.558e-105 0 5 5 5 0
0.01752 0.666972 0.000666306 0.000333319 4.99892 8.33611e-05 4.99667 5 0.00333111 5 5 0
0.01755 0.666972 0.000666306 0.000333319 4.99892 8.33611e-05 5 5 2.21926e-06 5 5 0
0.01758 0.666972 0.000666306 0.000333319 4.99892 8.33611e-05 5 5 1.47852e-09 5 5 0
0.01761 0.666972 0.000666306 0.000333319 4.99892 8.33611e-05 5 5 9.85025e-13 5 5 0
0.01764 0.666972 0.000666306 0.000333319 4.99892 8.33611e-05 5 5 6.56246e-16 5 5 0
0.01767 0.666972 0.000666306 0.000333319 4.99892 8.33611e-05 5 5 4.37206e-19 5 5 0
0.0177 0.666972 0.000666306 0.000333319 4.99892 8.33611e-05 5 5 2.91276e-22 5 5 0
0.01773 0.666972 0.000666306 0.000333319 4.99892 8.33611e-05 5 5 1.94055e-25 5 5 0
0.01776 0.666972 0.000666306 0.000333319 4.99892 8.33611e-05 5 5 1.29284e-28 5 5 0
0.01779 0.666972 0.000666306 0.000333319 4.99892 8.33611e-05 5 5 8.61317e-32 5 5 0
0.01782 0.666972 0.000666306 0.000333319 4.99892 8.33611e-05 5 5 5.73829e-35 5 5 0
0.01785 0.666972 0.000666306 0.000333319 4.99892 8.33611e-05 5 5 3.82298e-38 5 5 0
0.01788 0.666972 0.000666306 0.000333319 4.99892 8.33611e-05 5 5 2.54695e-41 5 5 0
0.01791 0.666972 0.000666306 0.000333319 4.99892 8.33611e-05 5 5 1.69684e-44 5 5 0
0.01794 0.666972 0.000666306 0.000333319 4.99892 8.33611e-05 5 5 1.13047e-47 5 5 0
0.01797 0.666972 0.000666306 0.000333319 4.99892 8.33611e-05 5 5 7.53146e-51 5 5 0
0.018 0.666972 0.000666306 0.000333319 4.99892 8.33611e-05 5 5 5.01763e-54 5 5 0
0.01803 0.666972 0.000666306 0.000333319 4.99892 8.33611e-05 5 0 3.34286e-57 5 5 0
0.01806 0.666972 0.000666306 0.000333319 4.99892 8.33611e-05 5 0 2.22709e-60 5 5 0
0.01809 0.666972 0.000666306 0.000333319 4.99892 8.33611e-05 5 0 1.48373e-63 5 5 0
0.01812 0.666972 0.000666306 0.000333319 4.99892 8.33611e-05 5 0 9.88497e-67 5 5 0
0.01815 0.666972 0.000666306 0.000333319 4.99892 8.33611e-05 5 0 6.58559e-70 5 5 0
0.01818 0.666972 0.000666306 0.000333319 4.99892 8.33611e-05 5 0 4.38747e-73 5 5 0
0.01821 0.666972 0.000666306 0.000333319 4.99892 8.33611e-05 5 0 2.92303e-76 5 5 0
0.01824 0.666972 0.000666306 0.000333319 4.99892 8.33611e-05 5 0 1.94739e-79 5 5 0
0.01827 0.666972 0.000666306 0.000333319 4.99892 8.33611e-05 5 0 1.29739e-82 5 5 0
0.0183 0.666972 0.000666306 0.000333319 4.99892 8.33611e-05 5 0 8.64353e-86 5 5 0
0.01833 0.666972 0.000666306 0.000333319 4.99892 8.33611e-05 5 0 5.75852e-89 5 5 0
0.01836 0.666972 0.000666306 0.000333319 4.99892 8.33611e-05 5 0 3.83645e-92 5 5 0
0.01839 0.666972 0.000666306 0.000333319 4.99892 8.33611e-05 5 0 2.55593e-95 5 5 0
0.01842 0.666972 0.000666306 0.000333319 4.99892 8.33611e-05 5 0 1.70282e-98 5 5 0
0.01845 0.666972 0.000666306 0.000333319 4.99892 8.33611e-05 5 0 1.13446e-101 5 5 0
0.01848 0.666972 0.000666306 0.000333319 4.99892 8.33611e-05 5 0 7.558e-105 5 5 0
0.01851 1.0005 0.0009995 0.0005 4.999 4.9995 0.00333111 5 5.03531e-108 5 5 0
0.01854 1.0005 0.0009995 0.0005 4.999 4.9995 2.21926e-06 5 3.35464e-111 5 5 0
0.01857 1.0005 0.0009995 0.0005 4.999 4.9995 1.47852e-09 5 2.23494e-114 5 5 0
0.0186 1.0005 0.0009995 0.0005 4.999 4.9995 9.85025e-13 5 1.48896e-117 5 5 0
0.01863 1.0005 0.0009995 0.0005 4.999 4.9995 6.56246e-16 5 9.91982e-121 5 5 0
0.01866 1.0005 0.0009995 0.0005 4.999 4.9995 4.37206e-19 5 6.60881e-124 5 5 0
0.01869 1.0005 0.0009995 0.0005 4.999 4.9995 2.91276e-22 5 4.40294e-127 5 5 0
0.01872 1.0005 0.0009995 0.0005 4.999 4.9995 1.94055e-25 5 2.93333e-130 5 5 0
0.01875 1.0005 0.0009995 0.0005 4.999 4.9995 1.29284e-28 5 1.95425e-133 5 5 0
0.01878 1.0005 0.0009995 0.0005 4.999 4.9995 8.61317e-32 5 1.30197e-136 5 5 0
0.01881 1.0005 0.0009995 0.0005 4.999 4.9995 5.73829e-35 5 8.674e-140 5 5 0
0.01884 1.0005 0.0009995 0.0005 4.999 4.9995 3.82298e-38 5 5.77882e-143 5 5 0
0.01887 1.0005 0.0009995 0.0005 4.999 4.9995 2.54695e-41 5 3.84998e-146 5 5 0
0.0189 1.0005 0.0009995 0.0005 4.999 4.9995 1.69684e-44 5 2.56494e-149 5 5 0
0.01893 1.0005 0.0009995 0.0005 4.999 4.9995 1.13047e-47 5 1.70882e-152 5 5 0
0.01896 1.0005 0.0009995 0.0005 4.999 4.9995 7.53146e-51 5 1.13846e-155 5 5 0
0.01899 1.0005 0.0009995 0.0005 4.999 4.9995 5.01763e-54 5 7.58465e-159 5 5 0
0.01902 1.0005 0.0009995 0.0005 4.999 4.9995 3.34286e-57 0 5.05306e-162 5 5 0
0.01905 1.0005 0.0009995 0.0005 4.999 4.9995 2.22709e-60 0 3.36646e-165 5 5 0
0.01908 1.0005 0.0009995 0.0005 4.999 4.9995 1.48373e-63 0 2.24281e-168 5 5 0
0.01911 1.0005 0.0009995 0.0005 4.999 4.9995 9.88497e-67 0 1.49421e-171 5 5 0
0.01914 1.0005 0.0009995 0.0005 4.999 4.9995 6.58559e-70 0 9.95479e-175 5 5 0
0.01917 1.0005 0.0009995 0.0005 4.999 4.9995 4.38747e-73 0 6.6321e-178 5 5 0
0.0192 1.0005 0.0009995 0.0005 4.999 4.9995 2.92303e-76 0 4.41846e-181 5 5 0
0.01923 1.0005 0.0009995 0.0005 4.999 4.9995 1.94739e-79 0 2.94367e-184 5 5 0
0.01926 1.0005 0.0009995 0.0005 4.999 4.9995 1.29739e-82 0 1.96114e-187 5 5 0
0.01929 1.0005 0.0009995 0.0005 4.999 4.9995 8.64353e-86 0 1.30656e-190 5 5 0
0.01932 1.0005 0.0009995 0.0005 4.999 4.9995 5.75852e-89 0 8.70458e-194 5 5 0
0.01935 1.0005 0.0009995 0.0005 4.999 4.9995 3.83645e-92 0 5.79919e-197 5 5 0
0.01938 1.0005 0.0009995 0.0005 4.999 4.9995 2.55593e-95 0 3.86355e-200 5 5 0
0.01941 1.0005 0.0009995 0.0005 4.999 4.9995 1.70282e-98 0 2.57398e-203 5 5 0
0.01944 1.0005 0.0009995 0.0005 4.999 4.9995 1.13446e-101 0 1.71485e-206 5 5 0
0.01947 1.0005 0.0009995 0.0005 4.999 4.9995 7.558e-105 0 1.14247e-209 5 5 0
0.0195 1.0005 0.0009995 0.0005 4.999 4.9995 5.03531e-108 0 7.61138e-213 5 5 0
0.01953 1.33361 0.00133228 4.99817 0.000333319 0.000166681 4.99667 5 4.99667 0.00333111 5 0
0.01956 1.33361 0.00133228 4.99817 0.000333319 0.000166681 5 5 5 2.21926e-06 5 0
0.01959 1.33361 0.00133228 4.99817 0.000333319 0.000166681 5 5 5 1.47852e-09 5 0
0.01962 1.33361 0.00133228 4.99817 0.000333319 0.000166681 5 5 5 9.85025e-13 5 0
0.01965 1.33361 0.00133228 4.99817 0.000333319 0.000166681 5 5 5 6.56246e-16 5 0
0.01968 1.33361 0.00133228 4.99817 0.000333319 0.000166681 5 5 5 4.37206e-19 5 0
0.01971 1.33361 0.00133228 4.99817 0.000333319 0.000166681 5 5 5 2.91276e-22 5 0
0.01974 1.33361 0.00133228 4.99817 0.000333319 0.000166681 5 5 5 1.94055e-25 5 0
0.01977 1.33361 0.00133228 4.99817 0.000333319 0.000166681 5 5 5 1.29284e-28 5 0
0.0198 1.33361 0.00133228 4.99817 0.000333319 0.000166681 5 5 5 8.61317e-32 5 0
0.01983 1.33361 0.00133228 4.99817 0.000333319 0.000166681 5 5 5 5.73829e-35 5 0
0.01986 1.33361 0.00133228 4.99817 0.000333319 0.000166681 5 5 5 3.82298e-38 5 0
0.01989 1.33361 0.00133228 4.99817 0.000333319 0.000166681 5 5 5 2.54695e-41 5 0
0.01992 1.33361 0.00133228 4.99817 0.000333319 0.000166681 5 5 5 1.69684e-44 5 0
0.01995 1.33361 0.00133228 4.99817 0.000333319 0.000166681 5 5 5 1.13047e-47 5 0
0.01998 1.33361 0.00133228 4.99817 0.000333319 0.000166681 5 5 5 7.53146e-51 5 0
0.02001 1.33361 0.00133228 4.99817 0.000333319 0.000166681 5 0 5 5.01763e-54 5 0
0.02004 1.33361 0.00133228 4.99817 0.000333319 0.000166681 5 0 5 3.34286e-57 5 0
0.02007 1.33361 0.00133228 4.99817 0.000333319 0.000166681 5 0 5 2.22709e-60 5 0
0.0201 1.33361 0.00133228 4.99817 0.000333319 0.000166681 5 0 5 1.48373e-63 5 0
0.02013 1.33361 0.00133228 4.99817 0.000333319 0.000166681 5 0 5 9.88497e-67 5 0
0.02016 1.33361 0.00133228 4.99817 0.000333319 0.000166681 5 0 5 6.58559e-70 5 0
0.02019 1.33361 0.00133228 4.99817 0.000333319 0.000166681 5 0 5 4.38747e-73 5 0
0.02022 1.33361 0.00133228 4.99817 0.000333319 0.000166681 5 0 5 2.92303e-76 5 0
0.02025 1.33361 0.00133228 4.99817 0.000333319 0.000166681 5 0 5 1.94739e-79 5 0
0.02028 1.33361 0.00133228 4.99817 0.000333319 0.000166681 5 0 5 1.29739e-82 5 0
0.02031 1.33361 0.00133228 4.99817 0.000333319 0.000166681 5 0 5 8.64353e-86 5 0
0.02034 1.33361 0.00133228 4.99817 0.000333319 0.000166681 5 0 5 5.75852e-89 5 0
0.02037 1.33361 0.00133228 4.99817 0.000333319 0.000166681 5 0 5 3.83645e-92 5 0
0.0204 1.33361 0.00133228 4.99817 0.000333319 0.000166681 5 0 5 2.55593e-95 5 0
0.02043 1.33361 0.00133228 4.99817 0.000333319 0.000166681 5 0 5 1.70282e-98 5 0
0.02046 1.33361 0.00133228 4.99817 0.000333319 0.000166681 5 0 5 1.13446e-101 5 0
0.02049 1.33361 0.00133228 4.99817 0.000333319 0.000166681 5 0 5 7.558e-105 5 0
0.02052 1.66714 0.00166547 4.99833 0.00041668 4.99958 0.00333111 5 5 5.03531e-108 5 0
0.02055 1.66714 0.00166547 4.99833 0.00041668 4.99958 2.21926e-06 5 5 3.35464e-111 5 0
0.02058 1.66714 0.00166547 4.99833 0.00041668 4.99958 1.47852e-09 5 5 2.23494e-114 5 0
0.02061 1.66714 0.00166547 4.99833 0.00041668 4.99958 9.85025e-13 5 5 1.48896e-117 5 0
0.02064 1.66714 0.00166547 4.99833 0.00041668 4.99958 6.56246e-16 5 5 9.91982e-121 5 0
0.02067 1.66714 0.00166547 4.99833 0.00041668 4.99958 4.37206e-19 5 5 6.60881e-124 5 0
0.0207 1.66714 0.00166547 4.99833 0.00041668 4.99958 2.91276e-22 5 5 4.40294e-127 5 0
0.02073 1.66714 0.00166547 4.99833 0.00041668 4.99958 1.94055e-25 5 5 2.93333e-130 5 0
0.02076 1.66714 0.00166547 4.99833 0.00041668 4.99958 1.29284e-28 5 5 1.95425e-133 5 0
0.02079 1.66714 0.00166547 4.99833 0.00041668 4.99958 8.61317e-32 5 5 1.30197e-136 5 0
0.02082 1.66714 0.00166547 4.99833 0.00041668 4.99958 5.73829e-35 5 5 8.674e-140 5 0
0.02085 1.66714 0.00166547 4.99833 0.00041668 4.99958 3.82298e-38 5 5 5.77882e-143 5 0
0.02088 1.66714 0.00166547 4.99833 0.00041668 4.99958 2.54695e-41 5 5 3.84998e-146 5 0
0.02091 1.66714 0.00166547 4.99833 0.00041668 4.99958 1.69684e-44 5 5 2.56494e-149 5 0
0.02094 1.66714 0.00166547 4.99833 0.00041668 4.99958 1.13047e-47 5 5 1.70882e-152 5 0
0.02097 1.66714 0.00166547 4.99833 0.00041668 4.99958 7.53146e-51 5 5 1.13846e-155 5 0
0.021 1.66714 0.00166547 4.99833 0.00041668 4.99958 5.01763e-54 5 5 7.58465e-159 5 0
0.02103 1.66714 0.00166547 4.99833 0.00041668 4.99958 3.34286e-57 0 5 5.05306e-162 5 0
0.02106 1.66714 0.00166547 4.99833 0.00041668 4.99958 2.22709e-60 0 5 3.36646e-165 5 0
0.02109 1.66714 0.00166547 4.99833 0.00041668 4.99958 1.48373e-63 0 5 2.24281e-168 5 0
0.02112 1.66714 0.00166547 4.99833 0.00041668 4.99958 9.88497e-67 0 5 1.49421e-171 5 0
0.02115 1.66714 0.00166547 4.99833 0.00041668 4.99958 6.58559e-70 0 5 9.95479e-175 5 0
0.02118 1.66714 0.00166547 4.99833 0.00041668 4.99958 4.38747e-73 0 5 6.6321e-178 5 0
0.02121 1.66714 0.00166547 4.99833 0.00041668 4.99958 2.92303e-76 0 5 4.41846e-181 5 0
0.02124 1.66714 0.00166547 4.99833 0.00041668 4.99958 1.94739e-79 0 5 2.94367e-184 5 0
0.02127 1.66714 0.00166547 4.99833 0.00041668 4.99958 1.29739e-82 0 5 1.96114e-187 5 0
0.0213 1.66714 0.00166547 4.99833 0.00041668 4.99958 8.64353e-86 0 5 1.30656e-190 5 0
0.02133 1.66714 0.00166547 4.99833 0.00041668 4.99958 5.75852e-89 0 5 8.70458e-194 5 0
0.02136 1.66714 0.00166547 4.99833 0.00041668 4.99958 3.83645e-92 0 5 5.79919e-197 5 0
0.02139 1.66714 0.00166547 4.99833 0.00041668 4.99958 2.55593e-95 0 5 3.86355e-200 5 0
0.02142 1.66714 0.00166547 4.99833 0.00041668 4.99958 1.70282e-98 0 5 2.57398e-203 5 0
0.02145 1.66714 0.00166547 4.99833 0.00041668 4.99958 1.13446e-101 0 5 1.71485e-206 5 0
0.02148 1.66714 0.00166547 4.99833 0.00041668 4.99958 7.558e-105 0 5 1.14247e-209 5 0
0.02151 2.00058 0.00199858 4.9985 4.99925 0.000250042 4.99667 5 0.00333111 7.61138e-213 5 0
0.02154 2.00058 0.00199858 4.9985 4.99925 0.000250042 5 5 2.21926e-06 5.07088e-216 5 0
0.02157 2.00058 0.00199858 4.9985 4.99925 0.000250042 5 5 1.47852e-09 3.37833e-219 5 0
0.0216 2.00058 0.00199858 4.9985 4.99925 0.000250042 5 5 9.85025e-13 2.25072e-222 5 0
0.02163 2.00058 0.00199858 4.9985 4.99925 0.000250042 5 5 6.56246e-16 1.49948e-225 5 0
0.02166 2.00058 0.00199858 4.9985 4.99925 0.000250042 5 5 4.37206e-19 9.98988e-229 5 0
0.02169 2.00058 0.00199858 4.9985 4.99925 0.000250042 5 5 2.91276e-22 6.65548e-232 5 0
0.02172 2.00058 0.00199858 4.9985 4.99925 0.000250042 5 5 1.94055e-25 4.43403e-235 5 0
0.02175 2.00058 0.00199858 4.9985 4.99925 0.000250042 5 5 1.29284e-28 2.95405e-238 5 0
0.02178 2.00058 0.00199858 4.9985 4.99925 0.000250042 5 5 8.61317e-32 1.96806e-241 5 0
0.02181 2.00058 0.00199858 4.9985 4.99925 0.000250042 5 5 5.73829e-35 1.31116e-244 5 0
0.02184 2.00058 0.00199858 4.9985 4.99925 0.000250042 5 5 3.82298e-38 8.73526e-248 5 0
0.02187 2.00058 0.00199858 4.9985 4.99925 0.000250042 5 5 2.54695e-41 5.81963e-251 5 0
0.0219 2.00058 0.00199858 4.9985 4.99925 0.000250042 5 5 1.69684e-44 3.87717e-254 5 0
0.02193 2.00058 0.00199858 4.9985 4.99925 0.000250042 5 5 1.13047e-47 2.58306e-257 5 0
0.02196 2.00058 0.00199858 4.9985 4.99925 0.000250042 5 5 7.53146e-51 1.72089e-260 5 0
0.02199 2.00058 0.00199858 4.9985 4.99925 0.000250042 5 5 5.01763e-54 1.1465e-263 5 0
0.02202 2.00058 0.00199858 4.9985 4.99925 0.000250042 5 0 3.34286e-57 7.63821e-267 5 0
0.02205 2.00058 0.00199858 4.9985 4.99925 0.000250042 5 0 2.22709e-60 5.08875e-270 5 0
0.02208 2.00058 0.00199858 4.9985 4.99925 0.000250042 5 0 1.48373e-63 3.39024e-273 5 0
0.02211 2.00058 0.00199858 4.9985 4.99925 0.000250042 5 0 9.88497e-67 2.25865e-276 5 0
0.02214 2.00058 0.00199858 4.9985 4.99925 0.000250042 5 0 6.58559e-70 1.50477e-279 5 0
0.02217 2.00058 0.00199858 4.9985 4.99925 0.000250042 5 0 4.38747e-73 1.00251e-282 5 0
0.0222 2.00058 0.00199858 4.9985 4.99925 0.000250042 5 0 2.92303e-76 6.67894e-286 5 0
0.02223 2.00058 0.00199858 4.9985 4.99925 0.000250042 5 0 1.94739e-79 4.44966e-289 5 0
0.02226 2.00058 0.00199858 4.9985 4.99925 0.000250042 5 0 1.29739e-82 2.96446e-292 5 0
0.02229 2.00058 0.00199858 4.9985 4.99925 0.000250042 5 0 8.64353e-86 1.97499e-295 5 0
0.02232 2.00058 0.00199858 4.9985 4.99925 0.000250042 5 0 5.75852e-89 1.31579e-298 5 0
0.02235 2.00058 0.00199858 4.9985 4.99925 0.000250042 5 0 3.83645e-92 8.76606e-302 5 0
0.02238 2.00058 0.00199858 4.9985 4.99925 0.000250042 5 0 2.55593e-95 5.84014e-305 5 0
0.02241 2.00058 0.00199858 4.9985 4.99925 0.000250042 5 0 1.70282e-98 3.89084e-308 5 0
0.02244 2.00058 0.00199858 4.9985 4.99925 0.000250042 5 0 1.13446e-101 2.59216e-311 5 0
0.02247 2.00058 0.00199858 4.9985 4.99925 0.000250042 5 0 7.558e-105 1.72696e-314 5 0
0.0225 2.00058 0.00199858 4.9985 4.99925 0.000250042 5 0 5.03531e-108 1.15041e-317 5 0
0.02253 2.33411 0.00233178 4.99867 4.99933 4.99967 0.00333111 5 3.35464e-111 9.87637e-321 5 0
0.02256 2.33411 0.00233178 4.99867 4.99933 4.99967 2.21926e-06 5 2.23494e-114 0 5 0
0.02259 2.33411 0.00233178 4.99867 4.99933 4.99967 1.47852e-09 5 1.48896e-117 0 5 0
0.02262 2.33411 0.00233178 4.99867 4.99933 4.99967 9.85025e-13 5 9.91982e-121 0 5 0
0.02265 2.33411 0.00233178 4.99867 4.99933 4.99967 6.56246e-16 5 6.60881e-124 0 5 0
0.02268 2.33411 0.00233178 4.99867 4.99933 4.99967 4.37206e-19 5 4.40294e-127 0 5 0
0.02271 2.33411 0.00233178 4.99867 4.99933 4.99967 2.91276e-22 5 2.93333e-130 0 5 0
0.02274 2.33411 0.00233178 4.99867 4.99933 4.99967 1.94055e-25 5 1.95425e-133 0 5 0
0.02277 2.33411 0.00233178 4.99867 4.99933 4.99967 1.29284e-28 5 1.30197e-136 0 5 0
0.0228 2.33411 0.00233178 4.99867 4.99933 4.99967 8.61317e-32 5 8.674e-140 0 5 0
0.02283 2.33411 0.00233178 4.99867 4.99933 4.99967 5.73829e-35 5 5.77882e-143 0 5 0
0.02286 2.33411 0.00233178 4.99867 4.99933 4.99967 3.82298e-38 5 3.84998e-146 0 5 0
0.02289 2.33411 0.00233178 4.99867 4.99933 4.99967 2.54695e-41 5 2.56494e-149 0 5 0
0.02292 2.33411 0.00233178 4.99867 4.99933 4.99967 1.69684e-44 5 1.70882e-152 0 5 0
0.02295 2.33411 0.00233178 4.99867 4.99933 4.99967 1.13047e-47 5 1.13846e-155 0 5 0
0.02298 2.33411 0.00233178 4.99867 4.99933 4.99967 7.53146e-51 5 7.58465e-159 0 5 0
0.02301 2.33411 0.00233178 4.99867 4.99933 4.99967 5.01763e-54 0 5.05306e-162 0 5 0
0.02304 2.33411 0.00233178 4.99867 4.99933 4.99967 3.34286e-57 0 3.36646e-165 0 5 0
0.02307 2.33411 0.00233178 4.99867 4.99933 4.99967 2.22709e-60 0 2.24281e-168 0 5 0
0.0231 2.33411 0.00233178 4.99867 4.99933 4.99967 1.48373e-63 0 1.49421e-171 0 5 0
0.02313 2.33411 0.00233178 4.99867 4.99933 4.99967 9.88497e-67 0 9.95479e-175 0 5 0
0.02316 2.33411 0.00233178 4.99867 4.99933 4.99967 6.58559e-70 0 6.6321e-178 0 5 0
0.02319 2.33411 0.00233178 4.99867 4.99933 4.99967 4.38747e-73 0 4.41846e-181 0 5 0
0.02322 2.33411 0.00233178 4.99867 4.99933 4.99967 2.92303e-76 0 2.94367e-184 0 5 0
0.02325 2.33411 0.00233178 4.99867 4.99933 4.99967 1.94739e-79 0 1.96114e-187 0 5 0
0.02328 2.33411 0.00233178 4.99867 4.99933 4.99967 1.29739e-82 0 1.30656e-190 0 5 0
0.02331 2.33411 0.00233178 4.99867 4.99933 4.99967 8.64353e-86 0 8.70458e-194 0 5 0
0.02334 2.33411 0.00233178 4.99867 4.99933 4.99967 5.75852e-89 0 5.79919e-197 0 5 0
0.02337 2.33411 0.00233178 4.99867 4.99933 4.99967 3.83645e-92 0 3.86355e-200 0 5 0
0.0234 2.33411 0.00233178 4.99867 4.99933 4.99967 2.55593e-95 0 2.57398e-203 0 5 0
0.02343 2.33411 0.00233178 4.99867 4.99933 4.99967 1.70282e-98 0 1.71485e-206 0 5 0
0.02346 2.33411 0.00233178 4.99867 4.99933 4.99967 1.13446e-101 0 1.14247e-209 0 5 0
0.02349 2.33411 0.00233178 4.99867 4.99933 4.99967 7.558e-105 0 7.61138e-213 0 5 0
0.02352 2.66589 4.99767 0.00133228 0.000666306 0.000333195 4.99667 5 4.99667 4.99667 0.00333111 0
0.02355 2.66589 4.99767 0.00133228 0.000666306 0.000333195 5 5 5 5 2.21926e-06 0
0.02358 2.66589 4.99767 0.00133228 0.000666306 0.000333195 5 5 5 5 1.47852e-09 0
0.02361 2.66589 4.99767 0.00133228 0.000666306 0.000333195 5 5 5 5 9.85025e-13 0
0.02364 2.66589 4.99767 0.00133228 0.000666306 0.000333195 5 5 5 5 6.56246e-16 0
0.02367 2.66589 4.99767 0.00133228 0.000666306 0.000333195 5 5 5 5 4.37206e-19 0
0.0237 2.66589 4.99767 0.00133228 0.000666306 0.000333195 5 5 5 5 2.91276e-22 0
0.02373 2.66589 4.99767 0.00133228 0.000666306 0.000333195 5 5 5 5 1.94055e-25 0
0.02376 2.66589 4.99767 0.00133228 0.000666306 0.000333195 5 5 5 5 1.29284e-28 0
0.02379 2.66589 4.99767 0.00133228 0.000666306 0.000333195 5 5 5 5 8.61317e-32 0
0.02382 2.66589 4.99767 0.00133228 0.000666306 0.000333195 5 5 5 5 5.73829e-35 0
0.02385 2.66589 4.99767 0.00133228 0.000666306 0.000333195 5 5 5 5 3.82298e-38 0
0.02388 2.66589 4.99767 0.00133228 0.000666306 0.000333195 5 5 5 5 2.54695e-41 0
0.02391 2.66589 4.99767 0.00133228 0.000666306 0.000333195 5 5 5 5 1.69684e-44 0
0.02394 2.66589 4.99767 0.00133228 0.000666306 0.000333195 5 5 5 5 1.13047e-47 0
0.02397 2.66589 4.99767 0.00133228 0.000666306 0.000333195 5 5 5 5 7.53146e-51 0
0.024 2.66589 4.99767 0.00133228 0.000666306 0.000333195 5 5 5 5 5.01763e-54 0
0.02403 2.66589 4.99767 0.00133228 0.000666306 0.000333195 5 0 5 5 3.34286e-57 0
0.02406 2.66589 4.99767 0.00133228 0.000666306 0.000333195 5 0 5 5 2.22709e-60 0
0.02409 2.66589 4.99767 0.00133228 0.000666306 0.000333195 5 0 5 5 1.48373e-63 0
0.02412 2.66589 4.99767 0.00133228 0.000666306 0.000333195 5 0 5 5 9.88497e-67 0
0.02415 2.66589 4.99767 0.00133228 0.000666306 0.000333195 5 0 5 5 6.58559e-70 0
0.02418 2.66589 4.99767 0.00133228 0.000666306 0.000333195 5 0 5 5 4.38747e-73 0
0.02421 2.66589 4.99767 0.00133228 0.000666306 0.000333195 5 0 5 5 2.92303e-76 0
0.02424 2.66589 4.99767 0.00133228 0.000666306 0.000333195 5 0 5 5 1.94739e-79 0
0.02427 2.66589 4.99767 0.00133228 0.000666306 0.000333195 5 0 5 5 1.29739e-82 0
0.0243 2.66589 4.99767 0.00133228 0.000666306 0.000333195 5 0 5 5 8.64353e-86 0
0.02433 2.66589 4.99767 0.00133228 0.000666306 0.000333195 5 0 5 5 5.75852e-89 0
0.02436 2.66589 4.99767 0.00133228 0.000666306 0.000333195 5 0 5 5 3.83645e-92 0
0.02439 2.66589 4.99767 0.00133228 0.000666306 0.000333195 5 0 5 5 2.55593e-95 0
0.02442 2.66589 4.99767 0.00133228 0.000666306 0.000333195 5 0 5 5 1.70282e-98 0
0.02445 2.66589 4.99767 0.00133228 0.000666306 0.000333195 5 0 5 5 1.13446e-101 0
0.02448 2.66589 4.99767 0.00133228 0.000666306 0.000333195 5 0 5 5 7.558e-105 0
0.02451 2.99942 4.998 0.00149896 0.000749667 4.99975 0.00333111 5 5 5 5.03531e-108 0
0.02454 2.99942 4.998 0.00149896 0.000749667 4.99975 2.21926e-06 5 5 5 3.35464e-111 0
0.02457 2.99942 4.998 0.00149896 0.000749667 4.99975 1.47852e-09 5 5 5 2.23494e-114 0
0.0246 2.99942 4.998 0.00149896 0.000749667 4.99975 9.85025e-13 5 5 5 1.48896e-117 0
0.02463 2.99942 4.998 0.00149896 0.000749667 4.99975 6.56246e-16 5 5 5 9.91982e-121 0
0.02466 2.99942 4.998 0.00149896 0.000749667 4.99975 4.37206e-19 5 5 5 6.60881e-124 0
0.02469 2.99942 4.998 0.00149896 0.000749667 4.99975 2.91276e-22 5 5 5 4.40294e-127 0
0.02472 2.99942 4.998 0.00149896 0.000749667 4.99975 1.94055e-25 5 5 5 2.93333e-130 0
0.02475 2.99942 4.998 0.00149896 0.000749667 4.99975 1.29284e-28 5 5 5 1.95425e-133 0
0.02478 2.99942 4.998 0.00149896 0.000749667 4.99975 8.61317e-32 5 5 5 1.30197e-136 0
0.02481 2.99942 4.998 0.00149896 0.000749667 4.99975 5.73829e-35 5 5 5 8.674e-140 0
0.02484 2.99942 4.998 0.00149896 0.000749667 4.99975 3.82298e-38 5 5 5 5.77882e-143 0
0.02487 2.99942 4.998 0.00149896 0.000749667 4.99975 2.54695e-41 5 5 5 3.84998e-146 0
0.0249 2.99942 4.998 0.00149896 0.000749667 4.99975 1.69684e-44 5 5 5 2.56494e-149 0
0.02493 2.99942 4.998 0.00149896 0.000749667 4.99975 1.13047e-47 5 5 5 1.70882e-152 0
0.02496 2.99942 4.998 0.00149896 0.000749667 4.99975 7.53146e-51 5 5 5 1.13846e-155 0
0.02499 2.99942 4.998 0.00149896 0.000749667 4.99975 5.01763e-54 5 5 5 7.58465e-159 0
0.02502 2.99942 4.998 0.00149896 0.000749667 4.99975 3.34286e-57 0 5 5 5.05306e-162 0
0.02505 2.99942 4.998 0.00149896 0.000749667 4.99975 2.22709e-60 0 5 5 3.36646e-165 0
0.02508 2.99942 4.998 0.00149896 0.000749667 4.99975 1.48373e-63 0 5 5 2.24281e-168 0
0.02511 2.99942 4.998 0.00149896 0.000749667 4.99975 9.88497e-67 0 5 5 1.49421e-171 0
0.02514 2.99942 4.998 0.00149896 0.000749667 4.99975 6.58559e-70 0 5 5 9.95479e-175 0
0.02517 2.99942 4.998 0.00149896 0.000749667 4.99975 4.38747e-73 0 5 5 6.6321e-178 0
0.0252 2.99942 4.998 0.00149896 0.000749667 4.99975 2.92303e-76 0 5 5 4.41846e-181 0
0.02523 2.99942 4.998 0.00149896 0.000749667 4.99975 1.94739e-79 0 5 5 2.94367e-184 0
0.02526 2.99942 4.998 0.00149896 0.000749667 4.99975 1.29739e-82 0 5 5 1.96114e-187 0
0.02529 2.99942 4.998 0.00149896 0.000749667 4.99975 8.64353e-86 0 5 5 1.30656e-190 0
0.02532 2.99942 4.998 0.00149896 0.000749667 4.99975 5.75852e-89 0 5 5 8.70458e-194 0
0.02535 2.99942 4.998 0.00149896 0.000749667 4.99975 3.83645e-92 0 5 5 5.79919e-197 0
0.02538 2.99942 4.998 0.00149896 0.000749667 4.99975 2.55593e-95 0 5 5 3.86355e-200 0
0.02541 2.99942 4.998 0.00149896 0.000749667 4.99975 1.70282e-98 0 5 5 2.57398e-203 0
0.02544 2.99942 4.998 0.00149896 0.000749667 4.99975 1.13446e-101 0 5 5 1.71485e-206 0
0.02547 2.99942 4.998 0.00149896 0.000749667 4.99975 7.558e-105 0 5 5 1.14247e-209 0
0.0255 2.99942 4.998 0.00149896 0.000749667 4.99975 5.03531e-108 0 5 5 7.61138e-213 0
0.02553 3.33286 4.99833 0.0016656 4.99958 0.000416556 4.99667 5 0.00333111 5 5.07088e-216 0
0.02556 3.33286 4.99833 0.0016656 4.99958 0.000416556 5 5 2.21926e-06 5 3.37833e-219 0
0.02559 3.33286 4.99833 0.0016656 4.99958 0.000416556 5 5 1.47852e-09 5 2.25072e-222 0
0.02562 3.33286 4.99833 0.0016656 4.99958 0.000416556 5 5 9.85025e-13 5 1.49948e-225 0
0.02565 3.33286 4.99833 0.0016656 4.99958 0.000416556 5 5 6.56246e-16 5 9.98988e-229 0
0.02568 3.33286 4.99833 0.0016656 4.99958 0.000416556 5 5 4.37206e-19 5 6.65548e-232 0
0.02571 3.33286 4.99833 0.0016656 4.99958 0.000416556 5 5 2.91276e-22 5 4.43403e-235 0
0.02574 3.33286 4.99833 0.0016656 4.99958 0.000416556 5 5 1.94055e-25 5 2.95405e-238 0
0.02577 3.33286 4.99833 0.0016656 4.99958 0.000416556 5 5 1.29284e-28 5 1.96806e-241 0
0.0258 3.33286 4.99833 0.0016656 4.99958 0.000416556 5 5 8.61317e-32 5 1.31116e-244 0
0.02583 3.33286 4.99833 0.0016656 4.99958 0.000416556 5 5 5.73829e-35 5 8.73526e-248 0
0.02586 3.33286 4.99833 0.0016656 4.99958 0.000416556 5 5 3.82298e-38 5 5.81963e-251 0
0.02589 3.33286 4.99833 0.0016656 4.99958 0.000416556 5 5 2.54695e-41 5 3.87717e-254 0
0.02592 3.33286 4.99833 0.0016656 4.99958 0.000416556 5 5 1.69684e-44 5 2.58306e-257 0
0.02595 3.33286 4.99833 0.0016656 4.99958 0.000416556 5 5 1.13047e-47 5 1.72089e-260 0
0.02598 3.33286 4.99833 0.0016656 4.99958 0.000416556 5 5 7.53146e-51 5 1.1465e-263 0
0.02601 3.33286 4.99833 0.0016656 4.99958 0.000416556 5 0 5.01763e-54 5 7.63821e-267 0
0.02604 3.33286 4.99833 0.0016656 4.99958 0.000416556 5 0 3.34286e-57 5 5.08875e-270 0
0.02607 3.33286 4.99833 0.0016656 4.99958 0.000416556 5 0 2.22709e-60 5 3.39024e-273 0
0.0261 3.33286 4.99833 0.0016656 4.99958 0.000416556 5 0 1.48373e-63 5 2.25865e-276 0
0.02613 3.33286 4.99833 0.0016656 4.99958 0.000416556 5 0 9.88497e-67 5 1.50477e-279 0
0.02616 3.33286 4.99833 0.0016656 4.99958 0.000416556 5 0 6.58559e-70 5 1.00251e-282 0
0.02619 3.33286 4.99833 0.0016656 4.99958 0.000416556 5 0 4.38747e-73 5 6.67894e-286 0
0.02622 3.33286 4.99833 0.0016656 4.99958 0.000416556 5 0 2.92303e-76 5 4.44966e-289 0
0.02625 3.33286 4.99833 0.0016656 4.99958 0.000416556 5 0 1.94739e-79 5 2.96446e-292 0
0.02628 3.33286 4.99833 0.0016656 4.99958 0.000416556 5 0 1.29739e-82 5 1.97499e-295 0
0.02631 3.33286 4.99833 0.0016656 4.99958 0.000416556 5 0 8.64353e-86 5 1.31579e-298 0
0.02634 3.33286 4.99833 0.0016656 4.99958 0.000416556 5 0 5.75852e-89 5 8.76606e-302 0
0.02637 3.33286 4.99833 0.0016656 4.99958 0.000416556 5 0 3.83645e-92 5 5.84014e-305 0
0.0264 3.33286 4.99833 0.0016656 4.99958 0.000416556 5 0 2.55593e-95 5 3.89084e-308 0
0.02643 3.33286 4.99833 0.0016656 4.99958 0.000416556 5 0 1.70282e-98 5 2.59216e-311 0
0.02646 3.33286 4.99833 0.0016656 4.99958 0.000416556 5 0 1.13446e-101 5 1.72696e-314 0
0.02649 3.33286 4.99833 0.0016656 4.99958 0.000416556 5 0 7.558e-105 5 1.15041e-317 0
0.02652 3.66639 4.99867 0.00183228 4.99967 4.99983 0.00333111 5 5.03531e-108 5 9.87637e-321 0
0.02655 3.66639 4.99867 0.00183228 4.99967 4.99983 2.21926e-06 5 3.35464e-111 5 0 0
0.02658 3.66639 4.99867 0.00183228 4.99967 4.99983 1.47852e-09 5 2.23494e-114 5 0 0
0.02661 3.66639 4.99867 0.00183228 4.99967 4.99983 9.85025e-13 5 1.48896e-117 5 0 0
0.02664 3.66639 4.99867 0.00183228 4.99967 4.99983 6.56246e-16 5 9.91982e-121 5 0 0
0.02667 3.66639 4.99867 0.00183228 4.99967 4.99983 4.37206e-19 5 6.60881e-124 5 0 0
0.0267 3.66639 4.99867 0.00183228 4.99967 4.99983 2.91276e-22 5 4.40294e-127 5 0 0
0.02673 3.66639 4.99867 0.00183228 4.99967 4.99983 1.94055e-25 5 2.93333e-130 5 0 0
0.02676 3.66639 4.99867 0.00183228 4.99967 4.99983 1.29284e-28 5 1.95425e-133 5 0 0
0.02679 3.66639 4.99867 0.00183228 4.99967 4.99983 8.61317e-32 5 1.30197e-136 5 0 0
0.02682 3.66639 4.99867 0.00183228 4.99967 4.99983 5.73829e-35 5 8.674e-140 5 0 0
0.02685 3.66639 4.99867 0.00183228 4.99967 4.99983 3.82298e-38 5 5.77882e-143 5 0 0
0.02688 3.66639 4.99867 0.00183228 4.99967 4.99983 2.54695e-41 5 3.84998e-146 5 0 0
0.02691 3.66639 4.99867 0.00183228 4.99967 4.99983 1.69684e-44 5 2.56494e-149 5 0 0
0.02694 3.66639 4.99867 0.00183228 4.99967 4.99983 1.13047e-47 5 1.70882e-152 5 0 0
0.02697 3.66639 4.99867 0.00183228 4.99967 4.99983 7.53146e-51 5 1.13846e-155 5 0 0
0.027 3.66639 4.99867 0.00183228 4.99967 4.99983 5.01763e-54 5 7.58465e-159 5 0 0
0.02703 3.66639 4.99867 0.00183228 4.99967 4.99983 3.34286e-57 0 5.05306e-162 5 0 0
0.02706 3.66639 4.99867 0.00183228 4.99967 4.99983 2.22709e-60 0 3.36646e-165 5 0 0
0.02709 3.66639 4.99867 0.00183228 4.99967 4.99983 1.48373e-63 0 2.24281e-168 5 0 0
0.02712 3.66639 4.99867 0.00183228 4.99967 4.99983 9.88497e-67 0 1.49421e-171 5 0 0
0.02715 3.66639 4.99867 0.00183228 4.99967 4.99983 6.58559e-70 0 9.95479e-175 5 0 0
0.02718 3.66639 4.99867 0.00183228 4.99967 4.99983 4.38747e-73 0 6.6321e-178 5 0 0
0.02721 3.66639 4.99867 0.00183228 4.99967 4.99983 2.92303e-76 0 4.41846e-181 5 0 0
0.02724 3.66639 4.99867 0.00183228 4.99967 4.99983 1.94739e-79 0 2.94367e-184 5 0 0
0.02727 3.66639 4.99867 0.00183228 4.99967 4.99983 1.29739e-82 0 1.96114e-187 5 0 0
0.0273 3.66639 4.99867 0.00183228 4.99967 4.99983 8.64353e-86 0 1.30656e-190 5 0 0
0.02733 3.66639 4.99867 0.00183228 4.99967 4.99983 5.75852e-89 0 8.70458e-194 5 0 0
0.02736 3.66639 4.99867 0.00183228 4.99967 4.99983 3.83645e-92 0 5.79919e-197 5 0 0
0.02739 3.66639 4.99867 0.00183228 4.99967 4.99983 2.55593e-95 0 3.86355e-200 5 0 0
0.02742 3.66639 4.99867 0.00183228 4.99967 4.99983 1.70282e-98 0 2.57398e-203 5 0 0
0.02745 3.66639 4.99867 0.00183228 4.99967 4.99983 1.13446e-101 0 1.71485e-206 5 0 0
0.02748 3.66639 4.99867 0.00183228 4.99967 4.99983 7.558e-105 0 1.14247e-209 5 0 0
0.02751 3.9995 4.999 4.9995 0.000999625 0.000499875 4.99667 5 4.99667 0.00333111 0 0
0.02754 3.9995 4.999 4.9995 0.000999625 0.000499875 5 5 5 2.21926e-06 0 0
0.02757 3.9995 4.999 4.9995 0.000999625 0.000499875 5 5 5 1.47852e-09 0 0
0.0276 3.9995 4.999 4.9995 0.000999625 0.000499875 5 5 5 9.85025e-13 0 0
0.02763 3.9995 4.999 4.9995 0.000999625 0.000499875 5 5 5 6.56246e-16 0 0
0.02766 3.9995 4.999 4.9995 0.000999625 0.000499875 5 5 5 4.37206e-19 0 0
0.02769 3.9995 4.999 4.9995 0.000999625 0.000499875 5 5 5 2.91276e-22 0 0
0.02772 3.9995 4.999 4.9995 0.000999625 0.000499875 5 5 5 1.94055e-25 0 0
0.02775 3.9995 4.999 4.9995 0.000999625 0.000499875 5 5 5 1.29284e-28 0 0
0.02778 3.9995 4.999 4.9995 0.000999625 0.000499875 5 5 5 8.61317e-32 0 0
0.02781 3.9995 4.999 4.9995 0.000999625 0.000499875 5 5 5 5.73829e-35 0 0
0.02784 3.9995 4.999 4.9995 0.000999625 0.000499875 5 5 5 3.82298e-38 0 0
0.02787 3.9995 4.999 4.9995 0.000999625 0.000499875 5 5 5 2.54695e-41 0 0
0.0279 3.9995 4.999 4.9995 0.000999625 0.000499875 5 5 5 1.69684e-44 0 0
0.02793 3.9995 4.999 4.9995 0.000999625 0.000499875 5 5 5 1.13047e-47 0 0
0.02796 3.9995 4.999 4.9995 0.000999625 0.000499875 5 5 5 7.53146e-51 0 0
0.02799 3.9995 4.999 4.9995 0.000999625 0.000499875 5 5 5 5.01763e-54 0 0
0.02802 3.9995 4.999 4.9995 0.000999625 0.000499875 5 0 5 3.34286e-57 0 0
0.02805 3.9995 4.999 4.9995 0.000999625 0.000499875 5 0 5 2.22709e-60 0 0
0.02808 3.9995 4.999 4.9995 0.000999625 0.000499875 5 0 5 1.48373e-63 0 0
0.02811 3.9995 4.999 4.9995 0.000999625 0.000499875 5 0 5 9.88497e-67 0 0
0.02814 3.9995 4.999 4.9995 0.000999625 0.000499875 5 0 5 6.58559e-70 0 0
0.02817 3.9995 4.999 4.9995 0.000999625 0.000499875 5 0 5 4.38747e-73 0 0
0.0282 3.9995 4.999 4.9995 0.000999625 0.000499875 5 0 5 2.92303e-76 0 0
0.02823 3.9995 4.999 4.9995 0.000999625 0.000499875 5 0 5 1.94739e-79 0 0
0.02826 3.9995 4.999 4.9995 0.000999625 0.000499875 5 0 5 1.29739e-82 0 0
0.02829 3.9995 4.999 4.9995 0.000999625 0.000499875 5 0 5 8.64353e-86 0 0
0.02832 3.9995 4.999 4.9995 0.000999625 0.000499875 5 0 5 5.75852e-89 0 0
0.02835 3.9995 4.999 4.9995 0.000999625 0.000499875 5 0 5 3.83645e-92 0 0
0.02838 3.9995 4.999 4.9995 0.000999625 0.000499875 5 0 5 2.55593e-95 0 0
0.02841 3.9995 4.999 4.9995 0.000999625 0.000499875 5 0 5 1.70282e-98 0 0
0.02844 3.9995 4.999 4.9995 0.000999625 0.000499875 5 0 5 1.13446e-101 0 0
0.02847 3.9995 4.999 4.9995 0.000999625 0.000499875 5 0 5 7.558e-105 0 0
0.0285 3.9995 4.999 4.9995 0.000999625 0.000499875 5 0 5 5.03531e-108 0 0
0.02853 4.33303 4.99933 4.99967 0.00108299 4.99992 0.00333111 5 5 3.35464e-111 0 0
0.02856 4.33303 4.99933 4.99967 0.00108299 4.99992 2.21926e-06 5 5 2.23494e-114 0 0
0.02859 4.33303 4.99933 4.99967 0.00108299 4.99992 1.47852e-09 5 5 1.48896e-117 0 0
0.02862 4.33303 4.99933 4.99967 0.00108299 4.99992 9.85025e-13 5 5 9.91982e-121 0 0
0.02865 4.33303 4.99933 4.99967 0.00108299 4.99992 6.56246e-16 5 5 6.60881e-124 0 0
0.02868 4.33303 4.99933 4.99967 0.00108299 4.99992 4.37206e-19 5 5 4.40294e-127 0 0
0.02871 4.33303 4.99933 4.99967 0.00108299 4.99992 2.91276e-22 5 5 2.93333e-130 0 0
0.02874 4.33303 4.99933 4.99967 0.00108299 4.99992 1.94055e-25 5 5 1.95425e-133 0 0
0.02877 4.33303 4.99933 4.99967 0.00108299 4.99992 1.29284e-28 5 5 1.30197e-136 0 0
0.0288 4.33303 4.99933 4.99967 0.00108299 4.99992 8.61317e-32 5 5 8.674e-140 0 0
0.02883 4.33303 4.99933 4.99967 0.00108299 4.99992 5.73829e-35 5 5 5.77882e-143 0 0
0.02886 4.33303 4.99933 4.99967 0.00108299 4.99992 3.82298e-38 5 5 3.84998e-146 0 0
0.02889 4.33303 4.99933 4.99967 0.00108299 4.99992 2.54695e-41 5 5 2.56494e-149 0 0
0.02892 4.33303 4.99933 4.99967 0.00108299 4.99992 1.69684e-44 5 5 1.70882e-152 0 0
0.02895 4.33303 4.99933 4.99967 0.00108299 4.99992 1.13047e-47 5 5 1.13846e-155 0 0
0.02898 4.33303 4.99933 4.99967 0.00108299 4.99992 7.53146e-51 5 5 7.58465e-159 0 0
0.02901 4.33303 4.99933 4.99967 0.00108299 4.99992 5.01763e-54 0 5 5.05306e-162 0 0
0.02904 4.33303 4.99933 4.99967 0.00108299 4.99992 3.34286e-57 0 5 3.36646e-165 0 0
0.02907 4.33303 4.99933 4.99967 0.00108299 4.99992 2.22709e-60 0 5 2.24281e-168 0 0
0.0291 4.33303 4.99933 4.99967 0.00108299 4.99992 1.48373e-63 0 5 1.49421e-171 0 0
0.02913 4.33303 4.99933 4.99967 0.00108299 4.99992 9.88497e-67 0 5 9.95479e-175 0 0
0.02916 4.33303 4.99933 4.99967 0.00108299 4.99992 6.58559e-70 0 5 6.6321e-178 0 0
0.02919 4.33303 4.99933 4.99967 0.00108299 4.99992 4.38747e-73 0 5 4.41846e-181 0 0
0.02922 4.33303 4.99933 4.99967 0.00108299 4.99992 2.92303e-76 0 5 2.94367e-184 0 0
0.02925 4.33303 4.99933 4.99967 0.00108299 4.99992 1.94739e-79 0 5 1.96114e-187 0 0
0.02928 4.33303 4.99933 4.99967 0.00108299 4.99992 1.29739e-82 0 5 1.30656e-190 0 0
0.02931 4.33303 4.99933 4.99967 0.00108299 4.99992 8.64353e-86 0 5 8.70458e-194 0 0
0.02934 4.33303 4.99933 4.99967 0.00108299 4.99992 5.75852e-89 0 5 5.79919e-197 0 0
0.02937 4.33303 4.99933 4.99967 0.00108299 4.99992 3.83645e-92 0 5 3.86355e-200 0 0
0.0294 4.33303 4.99933 4.99967 0.00108299 4.99992 2.55593e-95 0 5 2.57398e-203 0 0
0.02943 4.33303 4.99933 4.99967 0.00108299 4.99992 1.70282e-98 0 5 1.71485e-206 0 0
0.02946 4.33303 4.99933 4.99967 0.00108299 4.99992 1.13446e-101 0 5 1.14247e-209 0 0
0.02949 4.33303 4.99933 4.99967 0.00108299 4.99992 7.558e-105 0 5 7.61138e-213 0 0
0.02952 4.66647 4.99967 4.99983 4.99992 0.000583236 4.99667 5 0.00333111 5.07088e-216 0 0
0.02955 4.66647 4.99967 4.99983 4.99992 0.000583236 5 5 2.21926e-06 3.37833e-219 0 0
0.02958 4.66647 4.99967 4.99983 4.99992 0.000583236 5 5 1.47852e-09 2.25072e-222 0 0
0.02961 4.66647 4.99967 4.99983 4.99992 0.000583236 5 5 9.85025e-13 1.49948e-225 0 0
0.02964 4.66647 4.99967 4.99983 4.99992 0.000583236 5 5 6.56246e-16 9.98988e-229 0 0
0.02967 4.66647 4.99967 4.99983 4.99992 0.000583236 5 5 4.37206e-19 6.65548e-232 0 0
0.0297 4.66647 4.99967 4.99983 4.99992 0.000583236 5 5 2.91276e-22 4.43403e-235 0 0
0.02973 4.66647 4.99967 4.99983 4.99992 0.000583236 5 5 1.94055e-25 2.95405e-238 0 0
0.02976 4.66647 4.99967 4.99983 4.99992 0.000583236 5 5 1.29284e-28 1.96806e-241 0 0
0.02979 4.66647 4.99967 4.99983 4.99992 0.000583236 5 5 8.61317e-32 1.31116e-244 0 0
0.02982 4.66647 4.99967 4.99983 4.99992 0.000583236 5 5 5.73829e-35 8.73526e-248 0 0
0.02985 4.66647 4.99967 4.99983 4.99992 0.000583236 5 5 3.82298e-38 5.81963e-251 0 0
0.02988 4.66647 4.99967 4.99983 4.99992 0.000583236 5 5 2.54695e-41 3.87717e-254 0 0
0.02991 4.66647 4.99967 4.99983 4.99992 0.000583236 5 5 1.69684e-44 2.58306e-257 0 0
0.02994 4.66647 4.99967 4.99983 4.99992 0.000583236 5 5 1.13047e-47 1.72089e-260 0 0
0.02997 4.66647 4.99967 4.99983 4.99992 0.000583236 5 5 7.53146e-51 1.1465e-263 0 0
0.03 4.66647 4.99967 4.99983 4.99992 0.000583236 5 5 5.01763e-54 7.63821e-267 0 0
