t 1 2 3 4 5 6 7 8 jV0700 
0 0 0 0 0 0 7.49999e-06 0 7.49999e-06 0
3e-05 0 0 0 0 0 4.99667 0 4.99667 0
6e-05 0 0 0 0 0 5 0 5 0
9e-05 0 0 0 0 0 5 0 5 0
0.00012 0 0 0 0 0 5 0 5 0
0.00015 0 0 0 0 0 5 0 5 0
0.00018 0 0 0 0 0 5 0 5 0
0.00021 0 0 0 0 0 5 0 5 0
0.00024 0 0 0 0 0 5 0 5 0
0.00027 0 0 0 0 0 5 0 5 0
0.0003 0 0 0 0 0 5 0 5 0
0.00033 0 0 0 0 0 5 0 5 0
0.00036 0 0 0 0 0 5 0 5 0
0.00039 0 0 0 0 0 5 0 5 0
0.00042 0 0 0 0 0 5 0 5 0
0.00045 0 0 0 0 0 5 0 5 0
0.00048 0 0 0 0 0 5 0 5 0
0.00051 1.66625 0.00041632 4.99792 0 0 0.00333111 5 5 0
0.00054 1.66681 0.000416597 4.99958 0 0 2.21926e-06 5 5 0
0.00057 1.66681 0.000416597 4.99958 0 0 1.47852e-09 5 5 0
0.0006 1.66681 0.000416597 4.99958 0 0 9.85025e-13 5 5 0
0.00063 1.66681 0.000416597 4.99958 0 0 6.56246e-16 5 5 0
0.00066 1.66681 0.000416597 4.99958 0 0 4.37206e-19 5 5 0
0.00069 1.66681 0.000416597 4.99958 0 0 2.91276e-22 5 5 0
0.00072 1.66681 0.000416597 4.99958 0 0 1.94055e-25 5 5 0
0.00075 1.66681 0.000416597 4.99958 0 0 1.29284e-28 5 5 0
0.00078 1.66681 0.000416597 4.99958 0 0 8.61317e-32 5 5 0
0.00081 1.66681 0.000416597 4.99958 0 0 5.73829e-35 5 5 0
0.00084 1.66681 0.000416597 4.99958 0 0 3.82298e-38 5 5 0
0.00087 1.66681 0.000416597 4.99958 0 0 2.54695e-41 5 5 0
0.0009 1.66681 0.000416597 4.99958 0 0 1.69684e-44 5 5 0
0.00093 1.66681 0.000416597 4.99958 0 0 1.13047e-47 5 5 0
0.00096 1.66681 0.000416597 4.99958 0 0 7.53146e-51 5 5 0
0.00099 1.66681 0.000416597 4.99958 0 0 5.01763e-54 5 5 0
0.00102 1.66681 0.000416597 4.99958 0 0 3.34286e-57 0 5 0
0.00105 1.66681 0.000416597 4.99958 0 0 2.22709e-60 0 5 0
0.00108 1.66681 0.000416597 4.99958 0 0 1.48373e-63 0 5 0
0.00111 1.66681 0.000416597 4.99958 0 0 9.88497e-67 0 5 0
0.00114 1.66681 0.000416597 4.99958 0 0 6.58559e-70 0 5 0
0.00117 1.66681 0.000416597 4.99958 0 0 4.38747e-73 0 5 0
0.0012 1.66681 0.000416597 4.99958 0 0 2.92303e-76 0 5 0
0.00123 1.66681 0.000416597 4.99958 0 0 1.94739e-79 0 5 0
0.00126 1.66681 0.000416597 4.99958 0 0 1.29739e-82 0 5 0
0.00129 1.66681 0.000416597 4.99958 0 0 8.64353e-86 0 5 0
0.00132 1.66681 0.000416597 4.99958 0 0 5.75852e-89 0 5 0
0.00135 1.66681 0.000416597 4.99958 0 0 3.83645e-92 0 5 0
0.00138 1.66681 0.000416597 4.99958 0 0 2.55593e-95 0 5 0
0.00141 1.66681 0.000416597 4.99958 0 0 1.70282e-98 0 5 0
0.00144 1.66681 0.000416597 4.99958 0 0 1.13446e-101 0 5 0
0.00147 1.66681 0.000416597 4.99958 0 0 7.558e-105 0 5 0
0.0015 1.66681 0.000416597 4.99958 0 0 5.03531e-108 5.42101e-09 5 0
0.00153 3.33264 4.99792 0.00208215 0 0 4.99667 5 0.00333111 0
0.00156 3.33319 4.99958 0.000417152 0 0 5 5 2.21926e-06 0
0.00159 3.33319 4.99958 0.000416597 0 0 5 5 1.47852e-09 0
0.00162 3.33319 4.99958 0.000416597 0 0 5 5 9.85025e-13 0
0.00165 3.33319 4.99958 0.000416597 0 0 5 5 6.56246e-16 0
0.00168 3.33319 4.99958 0.000416597 0 0 5 5 4.37206e-19 0
0.00171 3.33319 4.99958 0.000416597 0 0 5 5 2.91276e-22 0
0.00174 3.33319 4.99958 0.000416597 0 0 5 5 1.94055e-25 0
0.00177 3.33319 4.99958 0.000416597 0 0 5 5 1.29284e-28 0
0.0018 3.33319 4.99958 0.000416597 0 0 5 5 8.61317e-32 0
0.00183 3.33319 4.99958 0.000416597 0 0 5 5 5.73829e-35 0
0.00186 3.33319 4.99958 0.000416597 0 0 5 5 3.82298e-38 0
0.00189 3.33319 4.99958 0.000416597 0 0 5 5 2.54695e-41 0
0.00192 3.33319 4.99958 0.000416597 0 0 5 5 1.69684e-44 0
0.00195 3.33319 4.99958 0.000416597 0 0 5 5 1.13047e-47 0
0.00198 3.33319 4.99958 0.000416597 0 0 5 5 7.53146e-51 0
0.00201 3.33319 4.99958 0.000416597 0 0 5 0 5.01763e-54 0
0.00204 3.33319 4.99958 0.000416597 0 0 5 0 3.34286e-57 0
0.00207 3.33319 4.99958 0.000416597 0 0 5 0 2.22709e-60 0
0.0021 3.33319 4.99958 0.000416597 0 0 5 0 1.48373e-63 0
0.00213 3.33319 4.99958 0.000416597 0 0 5 0 9.88497e-67 0
0.00216 3.33319 4.99958 0.000416597 0 0 5 0 6.58559e-70 0
0.00219 3.33319 4.99958 0.000416597 0 0 5 0 4.38747e-73 0
0.00222 3.33319 4.99958 0.000416597 0 0 5 0 2.92303e-76 0
0.00225 3.33319 4.99958 0.000416597 0 0 5 0 1.94739e-79 0
0.00228 3.33319 4.99958 0.000416597 0 0 5 0 1.29739e-82 0
0.00231 3.33319 4.99958 0.000416597 0 0 5 0 8.64353e-86 0
0.00234 3.33319 4.99958 0.000416597 0 0 5 0 5.75852e-89 0
0.00237 3.33319 4.99958 0.000416597 0 0 5 0 3.83645e-92 0
0.0024 3.33319 4.99958 0.000416597 0 0 5 0 2.55593e-95 0
0.00243 3.33319 4.99958 0.000416597 0 0 5 0 1.70282e-98 0
0.00246 3.33319 4.99958 0.000416597 0 0 5 0 1.13446e-101 0
0.00249 3.33319 4.99958 0.000416597 0 0 5 0 7.558e-105 0
0.00252 4.99944 5 4.99833 0 4.99833 0.00333111 5 5.03531e-108 0
0.00255 0.00166593 0.00166611 0.00166556 0 0.00166556 4.99667 5 4.99667 0
0.00258 5.55124e-07 5.55185e-07 5.55e-07 0 5.55e-07 5 5 5 0
0.00261 1.8498e-10 1.85e-10 1.84939e-10 0 1.84938e-10 5 5 5 0
0.00264 6.16393e-14 6.16461e-14 6.16256e-14 0 6.16256e-14 5 5 5 0
0.00267 2.05396e-17 2.05419e-17 2.0535e-17 0 2.0535e-17 5 5 5 0
0.0027 6.84425e-21 6.84501e-21 6.84273e-21 0 6.84273e-21 5 5 5 0
0.00273 2.28066e-24 2.28091e-24 2.28015e-24 0 2.28015e-24 5 5 5 0
0.00276 7.59965e-28 7.6005e-28 7.59797e-28 0 7.59797e-28 5 5 5 0
0.00279 2.53237e-31 2.53265e-31 2.53181e-31 0 2.53181e-31 5 5 5 0
0.00282 8.43843e-35 8.43937e-35 8.43656e-35 0 8.43656e-35 5 5 5 0
0.00285 2.81187e-38 2.81219e-38 2.81125e-38 0 2.81125e-38 5 5 5 0
0.00288 9.36979e-42 9.37083e-42 9.36771e-42 0 9.36771e-42 5 5 5 0
0.00291 3.12222e-45 3.12257e-45 3.12153e-45 0 3.12153e-45 5 5 5 0
0.00294 1.04039e-48 1.04051e-48 1.04016e-48 0 1.04016e-48 5 5 5 0
0.00297 3.46682e-52 3.46721e-52 3.46606e-52 0 3.46605e-52 5 5 5 0
0.003 1.15522e-55 1.15535e-55 1.15497e-55 0 1.15497e-55 5 5 5 0
0.00303 3.84946e-59 3.84989e-59 3.84861e-59 0 3.84861e-59 5 0 5 0
0.00306 1.28273e-62 1.28287e-62 1.28244e-62 0 1.28244e-62 5 0 5 0
0.00309 4.27433e-66 4.2748e-66 4.27338e-66 0 4.27338e-66 5 0 5 0
0.00312 1.4243e-69 1.42446e-69 1.42399e-69 0 1.42398e-69 5 0 5 0
0.00315 4.74609e-73 4.74661e-73 4.74504e-73 0 4.74503e-73 5 0 5 0
0.00318 1.5815e-76 1.58168e-76 1.58115e-76 0 1.58115e-76 5 0 5 0
0.00321 5.26992e-80 5.2705e-80 5.26875e-80 0 5.26875e-80 5 0 5 0
0.00324 1.75605e-83 1.75625e-83 1.75567e-83 0 1.75566e-83 5 0 5 0
0.00327 5.85156e-87 5.85221e-87 5.85027e-87 0 5.85026e-87 5 0 5 0
0.0033 1.94987e-90 1.95009e-90 1.94944e-90 0 1.94944e-90 5 0 5 0
0.00333 6.4974e-94 6.49812e-94 6.49597e-94 0 6.49596e-94 5 0 5 0
0.00336 2.16508e-97 2.16532e-97 2.1646e-97 0 2.1646e-97 5 0 5 0
0.00339 7.21453e-101 7.21532e-101 7.21293e-101 0 7.21292e-101 5 0 5 0
0.00342 2.40404e-104 2.40431e-104 2.40351e-104 0 2.40351e-104 5 0 5 0
0.00345 8.0108e-108 8.01168e-108 8.00903e-108 0 8.00902e-108 5 0 5 0
0.00348 2.66938e-111 2.66967e-111 2.66879e-111 0 2.66878e-111 5 0 5 0
0.00351 1.66625 0.00041632 4.99792 0 8.89298e-115 0.00333111 5 5 0
0.00354 1.66681 0.000416597 4.99958 0 2.96334e-118 2.21926e-06 5 5 0
0.00357 1.66681 0.000416597 4.99958 0 9.87451e-122 1.47852e-09 5 5 0
0.0036 1.66681 0.000416597 4.99958 0 3.29041e-125 9.85025e-13 5 5 0
0.00363 1.66681 0.000416597 4.99958 0 1.09644e-128 6.56246e-16 5 5 0
0.00366 1.66681 0.000416597 4.99958 0 3.65357e-132 4.37206e-19 5 5 0
0.00369 1.66681 0.000416597 4.99958 0 1.21745e-135 2.91276e-22 5 5 0
0.00372 1.66681 0.000416597 4.99958 0 4.05682e-139 1.94055e-25 5 5 0
0.00375 1.66681 0.000416597 4.99958 0 1.35182e-142 1.29284e-28 5 5 0
0.00378 1.66681 0.000416597 4.99958 0 4.50457e-146 8.61317e-32 5 5 0
0.00381 1.66681 0.000416597 4.99958 0 1.50102e-149 5.73829e-35 5 5 0
0.00384 1.66681 0.000416597 4.99958 0 5.00174e-153 3.82298e-38 5 5 0
0.00387 1.66681 0.000416597 4.99958 0 1.66669e-156 2.54695e-41 5 5 0
0.0039 1.66681 0.000416597 4.99958 0 5.55379e-160 1.69684e-44 5 5 0
0.00393 1.66681 0.000416597 4.99958 0 1.85065e-163 1.13047e-47 5 5 0
0.00396 1.66681 0.000416597 4.99958 0 6.16677e-167 7.53146e-51 5 5 0
0.00399 1.66681 0.000416597 4.99958 0 2.0549e-170 5.01763e-54 5 5 0
0.00402 1.66681 0.000416597 4.99958 0 6.8474e-174 3.34286e-57 0 5 0
0.00405 1.66681 0.000416597 4.99958 0 2.28171e-177 2.22709e-60 0 5 0
0.00408 1.66681 0.000416597 4.99958 0 7.60315e-181 1.48373e-63 0 5 0
0.00411 1.66681 0.000416597 4.99958 0 2.53354e-184 9.88497e-67 0 5 0
0.00414 1.66681 0.000416597 4.99958 0 8.44231e-188 6.58559e-70 0 5 0
0.00417 1.66681 0.000416597 4.99958 0 2.81317e-191 4.38747e-73 0 5 0
0.0042 1.66681 0.000416597 4.99958 0 9.3741e-195 2.92303e-76 0 5 0
0.00423 1.66681 0.000416597 4.99958 0 3.12366e-198 1.94739e-79 0 5 0
0.00426 1.66681 0.000416597 4.99958 0 1.04087e-201 1.29739e-82 0 5 0
0.00429 1.66681 0.000416597 4.99958 0 3.46842e-205 8.64353e-86 0 5 0
0.00432 1.66681 0.000416597 4.99958 0 1.15575e-208 5.75852e-89 0 5 0
0.00435 1.66681 0.000416597 4.99958 0 3.85123e-212 3.83645e-92 0 5 0
0.00438 1.66681 0.000416597 4.99958 0 1.28332e-215 2.55593e-95 0 5 0
0.00441 1.66681 0.000416597 4.99958 0 4.27629e-219 1.70282e-98 0 5 0
0.00444 1.66681 0.000416597 4.99958 0 1.42496e-222 1.13446e-101 0 5 0
0.00447 1.66681 0.000416597 4.99958 0 4.74827e-226 7.558e-105 0 5 0
0.0045 1.66681 0.000416597 4.99958 0 1.58223e-229 5.03531e-108 2.1684e-09 5 0
0.00453 3.33264 4.99792 0.00208215 0 5.27234e-233 4.99667 5 0.00333111 0
0.00456 3.33319 4.99958 0.000417152 0 1.75686e-236 5 5 2.21926e-06 0
0.00459 3.33319 4.99958 0.000416597 0 5.85425e-240 5 5 1.47852e-09 0
0.00462 3.33319 4.99958 0.000416597 0 1.95077e-243 5 5 9.85025e-13 0
0.00465 3.33319 4.99958 0.000416597 0 6.50039e-247 5 5 6.56246e-16 0
0.00468 3.33319 4.99958 0.000416597 0 2.16608e-250 5 5 4.37206e-19 0
0.00471 3.33319 4.99958 0.000416597 0 7.21785e-254 5 5 2.91276e-22 0
0.00474 3.33319 4.99958 0.000416597 0 2.40515e-257 5 5 1.94055e-25 0
0.00477 3.33319 4.99958 0.000416597 0 8.01448e-261 5 5 1.29284e-28 0
0.0048 3.33319 4.99958 0.000416597 0 2.6706e-264 5 5 8.61317e-32 0
0.00483 3.33319 4.99958 0.000416597 0 8.89905e-268 5 5 5.73829e-35 0
0.00486 3.33319 4.99958 0.000416597 0 2.96536e-271 5 5 3.82298e-38 0
0.00489 3.33319 4.99958 0.000416597 0 9.88124e-275 5 5 2.54695e-41 0
0.00492 3.33319 4.99958 0.000416597 0 3.29265e-278 5 5 1.69684e-44 0
0.00495 3.33319 4.99958 0.000416597 0 1.09718e-281 5 5 1.13047e-47 0
0.00498 3.33319 4.99958 0.000416597 0 3.65606e-285 5 5 7.53146e-51 0
0.00501 3.33319 4.99958 0.000416597 0 1.21828e-288 5 0 5.01763e-54 0
0.00504 3.33319 4.99958 0.000416597 0 4.05959e-292 5 0 3.34286e-57 0
0.00507 3.33319 4.99958 0.000416597 0 1.35274e-295 5 0 2.22709e-60 0
0.0051 3.33319 4.99958 0.000416597 0 4.50764e-299 5 0 1.48373e-63 0
0.00513 3.33319 4.99958 0.000416597 0 1.50205e-302 5 0 9.88497e-67 0
0.00516 3.33319 4.99958 0.000416597 0 5.00516e-306 5 0 6.58559e-70 0
0.00519 3.33319 4.99958 0.000416597 0 1.66783e-309 5 0 4.38747e-73 0
0.00522 3.33319 4.99958 0.000416597 0 5.55758e-313 5 0 2.92303e-76 0
0.00525 3.33319 4.99958 0.000416597 0 1.85193e-316 5 0 1.94739e-79 0
0.00528 3.33319 4.99958 0.000416597 0 5.92681e-320 5 0 1.29739e-82 0
0.00531 3.33319 4.99958 0.000416597 0 0 5 0 8.64353e-86 0
0.00534 3.33319 4.99958 0.000416597 0 0 5 0 5.75852e-89 0
0.00537 3.33319 4.99958 0.000416597 0 0 5 0 3.83645e-92 0
0.0054 3.33319 4.99958 0.000416597 0 0 5 0 2.55593e-95 0
0.00543 3.33319 4.99958 0.000416597 0 0 5 0 1.70282e-98 0
0.00546 3.33319 4.99958 0.000416597 0 0 5 0 1.13446e-101 0
0.00549 3.33319 4.99958 0.000416597 0 0 5 0 7.558e-105 0
0.00552 4.99944 5 4.99833 0 4.99833 0.00333111 5 5.03531e-108 0
0.00555 0.00166593 0.00166611 0.00166556 0 0.00166556 4.99667 5 4.99667 0
0.00558 5.55124e-07 5.55185e-07 5.55e-07 0 5.55e-07 5 5 5 0
0.00561 1.8498e-10 1.85e-10 1.84939e-10 0 1.84938e-10 5 5 5 0
0.00564 6.16393e-14 6.16461e-14 6.16256e-14 0 6.16256e-14 5 5 5 0
0.00567 2.05396e-17 2.05419e-17 2.0535e-17 0 2.0535e-17 5 5 5 0
0.0057 6.84425e-21 6.84501e-21 6.84273e-21 0 6.84273e-21 5 5 5 0
0.00573 2.28066e-24 2.28091e-24 2.28015e-24 0 2.28015e-24 5 5 5 0
0.00576 7.59965e-28 7.6005e-28 7.59797e-28 0 7.59797e-28 5 5 5 0
0.00579 2.53237e-31 2.53265e-31 2.53181e-31 0 2.53181e-31 5 5 5 0
0.00582 8.43843e-35 8.43937e-35 8.43656e-35 0 8.43656e-35 5 5 5 0
0.00585 2.81187e-38 2.81219e-38 2.81125e-38 0 2.81125e-38 5 5 5 0
0.00588 9.36979e-42 9.37083e-42 9.36771e-42 0 9.36771e-42 5 5 5 0
0.00591 3.12222e-45 3.12257e-45 3.12153e-45 0 3.12153e-45 5 5 5 0
0.00594 1.04039e-48 1.04051e-48 1.04016e-48 0 1.04016e-48 5 5 5 0
0.00597 3.46682e-52 3.46721e-52 3.46606e-52 0 3.46605e-52 5 5 5 0
0.006 1.15522e-55 1.15535e-55 1.15497e-55 0 1.15497e-55 5 5 5 0
0.00603 3.84946e-59 3.84989e-59 3.84861e-59 0 3.84861e-59 5 0 5 0
0.00606 1.28273e-62 1.28287e-62 1.28244e-62 0 1.28244e-62 5 0 5 0
0.00609 4.27433e-66 4.2748e-66 4.27338e-66 0 4.27338e-66 5 0 5 0
0.00612 1.4243e-69 1.42446e-69 1.42399e-69 0 1.42398e-69 5 0 5 0
0.00615 4.74609e-73 4.74661e-73 4.74504e-73 0 4.74503e-73 5 0 5 0
0.00618 1.5815e-76 1.58168e-76 1.58115e-76 0 1.58115e-76 5 0 5 0
0.00621 5.26992e-80 5.2705e-80 5.26875e-80 0 5.26875e-80 5 0 5 0
0.00624 1.75605e-83 1.75625e-83 1.75567e-83 0 1.75566e-83 5 0 5 0
0.00627 5.85156e-87 5.85221e-87 5.85027e-87 0 5.85026e-87 5 0 5 0
0.0063 1.94987e-90 1.95009e-90 1.94944e-90 0 1.94944e-90 5 0 5 0
0.00633 6.4974e-94 6.49812e-94 6.49597e-94 0 6.49596e-94 5 0 5 0
0.00636 2.16508e-97 2.16532e-97 2.1646e-97 0 2.1646e-97 5 0 5 0
0.00639 7.21453e-101 7.21532e-101 7.21293e-101 0 7.21292e-101 5 0 5 0
0.00642 2.40404e-104 2.40431e-104 2.40351e-104 0 2.40351e-104 5 0 5 0
0.00645 8.0108e-108 8.01168e-108 8.00903e-108 0 8.00902e-108 5 0 5 0
0.00648 2.66938e-111 2.66967e-111 2.66879e-111 0 2.66878e-111 5 0 5 0
0.00651 1.66625 0.00041632 4.99792 0 8.89298e-115 0.00333111 5 5 0
0.00654 1.66681 0.000416597 4.99958 0 2.96334e-118 2.21926e-06 5 5 0
0.00657 1.66681 0.000416597 4.99958 0 9.87451e-122 1.47852e-09 5 5 0
0.0066 1.66681 0.000416597 4.99958 0 3.29041e-125 9.85025e-13 5 5 0
0.00663 1.66681 0.000416597 4.99958 0 1.09644e-128 6.56246e-16 5 5 0
0.00666 1.66681 0.000416597 4.99958 0 3.65357e-132 4.37206e-19 5 5 0
0.00669 1.66681 0.000416597 4.99958 0 1.21745e-135 2.91276e-22 5 5 0
0.00672 1.66681 0.000416597 4.99958 0 4.05682e-139 1.94055e-25 5 5 0
0.00675 1.66681 0.000416597 4.99958 0 1.35182e-142 1.29284e-28 5 5 0
0.00678 1.66681 0.000416597 4.99958 0 4.50457e-146 8.61317e-32 5 5 0
0.00681 1.66681 0.000416597 4.99958 0 1.50102e-149 5.73829e-35 5 5 0
0.00684 1.66681 0.000416597 4.99958 0 5.00174e-153 3.82298e-38 5 5 0
0.00687 1.66681 0.000416597 4.99958 0 1.66669e-156 2.54695e-41 5 5 0
0.0069 1.66681 0.000416597 4.99958 0 5.55379e-160 1.69684e-44 5 5 0
0.00693 1.66681 0.000416597 4.99958 0 1.85065e-163 1.13047e-47 5 5 0
0.00696 1.66681 0.000416597 4.99958 0 6.16677e-167 7.53146e-51 5 5 0
0.00699 1.66681 0.000416597 4.99958 0 2.0549e-170 5.01763e-54 5 5 0
0.00702 1.66681 0.000416597 4.99958 0 6.8474e-174 3.34286e-57 0 5 0
0.00705 1.66681 0.000416597 4.99958 0 2.28171e-177 2.22709e-60 0 5 0
0.00708 1.66681 0.000416597 4.99958 0 7.60315e-181 1.48373e-63 0 5 0
0.00711 1.66681 0.000416597 4.99958 0 2.53354e-184 9.88497e-67 0 5 0
0.00714 1.66681 0.000416597 4.99958 0 8.44231e-188 6.58559e-70 0 5 0
0.00717 1.66681 0.000416597 4.99958 0 2.81317e-191 4.38747e-73 0 5 0
0.0072 1.66681 0.000416597 4.99958 0 9.3741e-195 2.92303e-76 0 5 0
0.00723 1.66681 0.000416597 4.99958 0 3.12366e-198 1.94739e-79 0 5 0
0.00726 1.66681 0.000416597 4.99958 0 1.04087e-201 1.29739e-82 0 5 0
0.00729 1.66681 0.000416597 4.99958 0 3.46842e-205 8.64353e-86 0 5 0
0.00732 1.66681 0.000416597 4.99958 0 1.15575e-208 5.75852e-89 0 5 0
0.00735 1.66681 0.000416597 4.99958 0 3.85123e-212 3.83645e-92 0 5 0
0.00738 1.66681 0.000416597 4.99958 0 1.28332e-215 2.55593e-95 0 5 0
0.00741 1.66681 0.000416597 4.99958 0 4.27629e-219 1.70282e-98 0 5 0
0.00744 1.66681 0.000416597 4.99958 0 1.42496e-222 1.13446e-101 0 5 0
0.00747 1.66681 0.000416597 4.99958 0 4.74827e-226 7.558e-105 0 5 0
0.0075 1.66681 0.000416597 4.99958 0 1.58223e-229 5.03531e-108 0 5 0
0.00753 3.33264 4.99792 0.00208215 0 5.27234e-233 4.99667 5 0.00333111 0
0.00756 3.33319 4.99958 0.000417152 0 1.75686e-236 5 5 2.21926e-06 0
0.00759 3.33319 4.99958 0.000416597 0 5.85425e-240 5 5 1.47852e-09 0
0.00762 3.33319 4.99958 0.000416597 0 1.95077e-243 5 5 9.85025e-13 0
0.00765 3.33319 4.99958 0.000416597 0 6.50039e-247 5 5 6.56246e-16 0
0.00768 3.33319 4.99958 0.000416597 0 2.16608e-250 5 5 4.37206e-19 0
0.00771 3.33319 4.99958 0.000416597 0 7.21785e-254 5 5 2.91276e-22 0
0.00774 3.33319 4.99958 0.000416597 0 2.40515e-257 5 5 1.94055e-25 0
0.00777 3.33319 4.99958 0.000416597 0 8.01448e-261 5 5 1.29284e-28 0
0.0078 3.33319 4.99958 0.000416597 0 2.6706e-264 5 5 8.61317e-32 0
0.00783 3.33319 4.99958 0.000416597 0 8.89905e-268 5 5 5.73829e-35 0
0.00786 3.33319 4.99958 0.000416597 0 2.96536e-271 5 5 3.82298e-38 0
0.00789 3.33319 4.99958 0.000416597 0 9.88124e-275 5 5 2.54695e-41 0
0.00792 3.33319 4.99958 0.000416597 0 3.29265e-278 5 5 1.69684e-44 0
0.00795 3.33319 4.99958 0.000416597 0 1.09718e-281 5 5 1.13047e-47 0
0.00798 3.33319 4.99958 0.000416597 0 3.65606e-285 5 5 7.53146e-51 0
0.00801 3.33319 4.99958 0.000416597 0 1.21828e-288 5 0 5.01763e-54 0
0.00804 3.33319 4.99958 0.000416597 0 4.05959e-292 5 0 3.34286e-57 0
0.00807 3.33319 4.99958 0.000416597 0 1.35274e-295 5 0 2.22709e-60 0
0.0081 3.33319 4.99958 0.000416597 0 4.50764e-299 5 0 1.48373e-63 0
0.00813 3.33319 4.99958 0.000416597 0 1.50205e-302 5 0 9.88497e-67 0
0.00816 3.33319 4.99958 0.000416597 0 5.00516e-306 5 0 6.58559e-70 0
0.00819 3.33319 4.99958 0.000416597 0 1.66783e-309 5 0 4.38747e-73 0
0.00822 3.33319 4.99958 0.000416597 0 5.55758e-313 5 0 2.92303e-76 0
0.00825 3.33319 4.99958 0.000416597 0 1.85193e-316 5 0 1.94739e-79 0
0.00828 3.33319 4.99958 0.000416597 0 5.92681e-320 5 0 1.29739e-82 0
0.00831 3.33319 4.99958 0.000416597 0 0 5 0 8.64353e-86 0
0.00834 3.33319 4.99958 0.000416597 0 0 5 0 5.75852e-89 0
0.00837 3.33319 4.99958 0.000416597 0 0 5 0 3.83645e-92 0
0.0084 3.33319 4.99958 0.000416597 0 0 5 0 2.55593e-95 0
0.00843 3.33319 4.99958 0.000416597 0 0 5 0 1.70282e-98 0
0.00846 3.33319 4.99958 0.000416597 0 0 5 0 1.13446e-101 0
0.00849 3.33319 4.99958 0.000416597 0 0 5 0 7.558e-105 0
0.00852 4.99944 5 4.99833 0 4.99833 0.00333111 5 5.03531e-108 0
0.00855 0.00166593 0.00166611 0.00166556 0 0.00166556 4.99667 5 4.99667 0
0.00858 5.55124e-07 5.55185e-07 5.55e-07 0 5.55e-07 5 5 5 0
0.00861 1.8498e-10 1.85e-10 1.84939e-10 0 1.84938e-10 5 5 5 0
0.00864 6.16393e-14 6.16461e-14 6.16256e-14 0 6.16256e-14 5 5 5 0
0.00867 2.05396e-17 2.05419e-17 2.0535e-17 0 2.0535e-17 5 5 5 0
0.0087 6.84425e-21 6.84501e-21 6.84273e-21 0 6.84273e-21 5 5 5 0
0.00873 2.28066e-24 2.28091e-24 2.28015e-24 0 2.28015e-24 5 5 5 0
0.00876 7.59965e-28 7.6005e-28 7.59797e-28 0 7.59797e-28 5 5 5 0
0.00879 2.53237e-31 2.53265e-31 2.53181e-31 0 2.53181e-31 5 5 5 0
0.00882 8.43843e-35 8.43937e-35 8.43656e-35 0 8.43656e-35 5 5 5 0
0.00885 2.81187e-38 2.81219e-38 2.81125e-38 0 2.81125e-38 5 5 5 0
0.00888 9.36979e-42 9.37083e-42 9.36771e-42 0 9.36771e-42 5 5 5 0
0.00891 3.12222e-45 3.12257e-45 3.12153e-45 0 3.12153e-45 5 5 5 0
0.00894 1.04039e-48 1.04051e-48 1.04016e-48 0 1.04016e-48 5 5 5 0
0.00897 3.46682e-52 3.46721e-52 3.46606e-52 0 3.46605e-52 5 5 5 0
0.009 1.15522e-55 1.15535e-55 1.15497e-55 0 1.15497e-55 5 5 5 0
0.00903 3.84946e-59 3.84989e-59 3.84861e-59 0 3.84861e-59 5 0 5 0
0.00906 1.28273e-62 1.28287e-62 1.28244e-62 0 1.28244e-62 5 0 5 0
0.00909 4.27433e-66 4.2748e-66 4.27338e-66 0 4.27338e-66 5 0 5 0
0.00912 1.4243e-69 1.42446e-69 1.42399e-69 0 1.42398e-69 5 0 5 0
0.00915 4.74609e-73 4.74661e-73 4.74504e-73 0 4.74503e-73 5 0 5 0
0.00918 1.5815e-76 1.58168e-76 1.58115e-76 0 1.58115e-76 5 0 5 0
0.00921 5.26992e-80 5.2705e-80 5.26875e-80 0 5.26875e-80 5 0 5 0
0.00924 1.75605e-83 1.75625e-83 1.75567e-83 0 1.75566e-83 5 0 5 0
0.00927 5.85156e-87 5.85221e-87 5.85027e-87 0 5.85026e-87 5 0 5 0
0.0093 1.94987e-90 1.95009e-90 1.94944e-90 0 1.94944e-90 5 0 5 0
0.00933 6.4974e-94 6.49812e-94 6.49597e-94 0 6.49596e-94 5 0 5 0
0.00936 2.16508e-97 2.16532e-97 2.1646e-97 0 2.1646e-97 5 0 5 0
0.00939 7.21453e-101 7.21532e-101 7.21293e-101 0 7.21292e-101 5 0 5 0
0.00942 2.40404e-104 2.40431e-104 2.40351e-104 0 2.40351e-104 5 0 5 0
0.00945 8.0108e-108 8.01168e-108 8.00903e-108 0 8.00902e-108 5 0 5 0
0.00948 2.66938e-111 2.66967e-111 2.66879e-111 0 2.66878e-111 5 0 5 0
0.00951 1.66625 0.00041632 4.99792 0 8.89298e-115 0.00333111 5 5 0
0.00954 1.66681 0.000416597 4.99958 0 2.96334e-118 2.21926e-06 5 5 0
0.00957 1.66681 0.000416597 4.99958 0 9.87451e-122 1.47852e-09 5 5 0
0.0096 1.66681 0.000416597 4.99958 0 3.29041e-125 9.85025e-13 5 5 0
0.00963 1.66681 0.000416597 4.99958 0 1.09644e-128 6.56246e-16 5 5 0
0.00966 1.66681 0.000416597 4.99958 0 3.65357e-132 4.37206e-19 5 5 0
0.00969 1.66681 0.000416597 4.99958 0 1.21745e-135 2.91276e-22 5 5 0
0.00972 1.66681 0.000416597 4.99958 0 4.05682e-139 1.94055e-25 5 5 0
0.00975 1.66681 0.000416597 4.99958 0 1.35182e-142 1.29284e-28 5 5 0
0.00978 1.66681 0.000416597 4.99958 0 4.50457e-146 8.61317e-32 5 5 0
0.00981 1.66681 0.000416597 4.99958 0 1.50102e-149 5.73829e-35 5 5 0
0.00984 1.66681 0.000416597 4.99958 0 5.00174e-153 3.82298e-38 5 5 0
0.00987 1.66681 0.000416597 4.99958 0 1.66669e-156 2.54695e-41 5 5 0
0.0099 1.66681 0.000416597 4.99958 0 5.55379e-160 1.69684e-44 5 5 0
0.00993 1.66681 0.000416597 4.99958 0 1.85065e-163 1.13047e-47 5 5 0
0.00996 1.66681 0.000416597 4.99958 0 6.16677e-167 7.53146e-51 5 5 0
0.00999 1.66681 0.000416597 4.99958 0 2.0549e-170 5.01763e-54 5 5 0
0.01002 1.66681 0.000416597 4.99958 0 6.8474e-174 3.34286e-57 0 5 0
0.01005 1.66681 0.000416597 4.99958 0 2.28171e-177 2.22709e-60 0 5 0
0.01008 1.66681 0.000416597 4.99958 0 7.60315e-181 1.48373e-63 0 5 0
0.01011 1.66681 0.000416597 4.99958 0 2.53354e-184 9.88497e-67 0 5 0
0.01014 1.66681 0.000416597 4.99958 0 8.44231e-188 6.58559e-70 0 5 0
0.01017 1.66681 0.000416597 4.99958 0 2.81317e-191 4.38747e-73 0 5 0
0.0102 1.66681 0.000416597 4.99958 0 9.3741e-195 2.92303e-76 0 5 0
0.01023 1.66681 0.000416597 4.99958 0 3.12366e-198 1.94739e-79 0 5 0
0.01026 1.66681 0.000416597 4.99958 0 1.04087e-201 1.29739e-82 0 5 0
0.01029 1.66681 0.000416597 4.99958 0 3.46842e-205 8.64353e-86 0 5 0
0.01032 1.66681 0.000416597 4.99958 0 1.15575e-208 5.75852e-89 0 5 0
0.01035 1.66681 0.000416597 4.99958 0 3.85123e-212 3.83645e-92 0 5 0
0.01038 1.66681 0.000416597 4.99958 0 1.28332e-215 2.55593e-95 0 5 0
0.01041 1.66681 0.000416597 4.99958 0 4.27629e-219 1.70282e-98 0 5 0
0.01044 1.66681 0.000416597 4.99958 0 1.42496e-222 1.13446e-101 0 5 0
0.01047 1.66681 0.000416597 4.99958 0 4.74827e-226 7.558e-105 0 5 0
0.0105 1.66681 0.000416597 4.99958 0 1.58223e-229 5.03531e-108 3.68629e-08 5 0
0.01053 3.33264 4.99792 0.00208215 0 5.27234e-233 4.99667 5 0.00333111 0
0.01056 3.33319 4.99958 0.000417152 0 1.75686e-236 5 5 2.21926e-06 0
0.01059 3.33319 4.99958 0.000416597 0 5.85425e-240 5 5 1.47852e-09 0
0.01062 3.33319 4.99958 0.000416597 0 1.95077e-243 5 5 9.85025e-13 0
0.01065 3.33319 4.99958 0.000416597 0 6.50039e-247 5 5 6.56246e-16 0
0.01068 3.33319 4.99958 0.000416597 0 2.16608e-250 5 5 4.37206e-19 0
0.01071 3.33319 4.99958 0.000416597 0 7.21785e-254 5 5 2.91276e-22 0
0.01074 3.33319 4.99958 0.000416597 0 2.40515e-257 5 5 1.94055e-25 0
0.01077 3.33319 4.99958 0.000416597 0 8.01448e-261 5 5 1.29284e-28 0
0.0108 3.33319 4.99958 0.000416597 0 2.6706e-264 5 5 8.61317e-32 0
0.01083 3.33319 4.99958 0.000416597 0 8.89905e-268 5 5 5.73829e-35 0
0.01086 3.33319 4.99958 0.000416597 0 2.96536e-271 5 5 3.82298e-38 0
0.01089 3.33319 4.99958 0.000416597 0 9.88124e-275 5 5 2.54695e-41 0
0.01092 3.33319 4.99958 0.000416597 0 3.29265e-278 5 5 1.69684e-44 0
0.01095 3.33319 4.99958 0.000416597 0 1.09718e-281 5 5 1.13047e-47 0
0.01098 3.33319 4.99958 0.000416597 0 3.65606e-285 5 5 7.53146e-51 0
0.01101 3.33319 4.99958 0.000416597 0 1.21828e-288 5 0 5.01763e-54 0
0.01104 3.33319 4.99958 0.000416597 0 4.05959e-292 5 0 3.34286e-57 0
0.01107 3.33319 4.99958 0.000416597 0 1.35274e-295 5 0 2.22709e-60 0
0.0111 3.33319 4.99958 0.000416597 0 4.50764e-299 5 0 1.48373e-63 0
0.01113 3.33319 4.99958 0.000416597 0 1.50205e-302 5 0 9.88497e-67 0
0.01116 3.33319 4.99958 0.000416597 0 5.00516e-306 5 0 6.58559e-70 0
0.01119 3.33319 4.99958 0.000416597 0 1.66783e-309 5 0 4.38747e-73 0
0.01122 3.33319 4.99958 0.000416597 0 5.55758e-313 5 0 2.92303e-76 0
0.01125 3.33319 4.99958 0.000416597 0 1.85193e-316 5 0 1.94739e-79 0
0.01128 3.33319 4.99958 0.000416597 0 5.92681e-320 5 0 1.29739e-82 0
0.01131 3.33319 4.99958 0.000416597 0 0 5 0 8.64353e-86 0
0.01134 3.33319 4.99958 0.000416597 0 0 5 0 5.75852e-89 0
0.01137 3.33319 4.99958 0.000416597 0 0 5 0 3.83645e-92 0
0.0114 3.33319 4.99958 0.000416597 0 0 5 0 2.55593e-95 0
0.01143 3.33319 4.99958 0.000416597 0 0 5 0 1.70282e-98 0
0.01146 3.33319 4.99958 0.000416597 0 0 5 0 1.13446e-101 0
0.01149 3.33319 4.99958 0.000416597 0 0 5 0 7.558e-105 0
0.01152 4.99944 5 4.99833 0 4.99833 0.00333111 5 5.03531e-108 0
0.01155 0.00166593 0.00166611 0.00166556 0 0.00166556 4.99667 5 4.99667 0
0.01158 5.55124e-07 5.55185e-07 5.55e-07 0 5.55e-07 5 5 5 0
0.01161 1.8498e-10 1.85e-10 1.84939e-10 0 1.84938e-10 5 5 5 0
0.01164 6.16393e-14 6.16461e-14 6.16256e-14 0 6.16256e-14 5 5 5 0
0.01167 2.05396e-17 2.05419e-17 2.0535e-17 0 2.0535e-17 5 5 5 0
0.0117 6.84425e-21 6.84501e-21 6.84273e-21 0 6.84273e-21 5 5 5 0
0.01173 2.28066e-24 2.28091e-24 2.28015e-24 0 2.28015e-24 5 5 5 0
0.01176 7.59965e-28 7.6005e-28 7.59797e-28 0 7.59797e-28 5 5 5 0
0.01179 2.53237e-31 2.53265e-31 2.53181e-31 0 2.53181e-31 5 5 5 0
0.01182 8.43843e-35 8.43937e-35 8.43656e-35 0 8.43656e-35 5 5 5 0
0.01185 2.81187e-38 2.81219e-38 2.81125e-38 0 2.81125e-38 5 5 5 0
0.01188 9.36979e-42 9.37083e-42 9.36771e-42 0 9.36771e-42 5 5 5 0
0.01191 3.12222e-45 3.12257e-45 3.12153e-45 0 3.12153e-45 5 5 5 0
0.01194 1.04039e-48 1.04051e-48 1.04016e-48 0 1.04016e-48 5 5 5 0
0.01197 3.46682e-52 3.46721e-52 3.46606e-52 0 3.46605e-52 5 5 5 0
0.012 1.15522e-55 1.15535e-55 1.15497e-55 0 1.15497e-55 5 5 5 0
0.01203 3.84946e-59 3.84989e-59 3.84861e-59 0 3.84861e-59 5 0 5 0
0.01206 1.28273e-62 1.28287e-62 1.28244e-62 0 1.28244e-62 5 0 5 0
0.01209 4.27433e-66 4.2748e-66 4.27338e-66 0 4.27338e-66 5 0 5 0
0.01212 1.4243e-69 1.42446e-69 1.42399e-69 0 1.42398e-69 5 0 5 0
0.01215 4.74609e-73 4.74661e-73 4.74504e-73 0 4.74503e-73 5 0 5 0
0.01218 1.5815e-76 1.58168e-76 1.58115e-76 0 1.58115e-76 5 0 5 0
0.01221 5.26992e-80 5.2705e-80 5.26875e-80 0 5.26875e-80 5 0 5 0
0.01224 1.75605e-83 1.75625e-83 1.75567e-83 0 1.75566e-83 5 0 5 0
0.01227 5.85156e-87 5.85221e-87 5.85027e-87 0 5.85026e-87 5 0 5 0
0.0123 1.94987e-90 1.95009e-90 1.94944e-90 0 1.94944e-90 5 0 5 0
0.01233 6.4974e-94 6.49812e-94 6.49597e-94 0 6.49596e-94 5 0 5 0
0.01236 2.16508e-97 2.16532e-97 2.1646e-97 0 2.1646e-97 5 0 5 0
0.01239 7.21453e-101 7.21532e-101 7.21293e-101 0 7.21292e-101 5 0 5 0
0.01242 2.40404e-104 2.40431e-104 2.40351e-104 0 2.40351e-104 5 0 5 0
0.01245 8.0108e-108 8.01168e-108 8.00903e-108 0 8.00902e-108 5 0 5 0
0.01248 2.66938e-111 2.66967e-111 2.66879e-111 0 2.66878e-111 5 0 5 0
0.01251 1.66625 0.00041632 4.99792 0 8.89298e-115 0.00333111 5 5 0
0.01254 1.66681 0.000416597 4.99958 0 2.96334e-118 2.21926e-06 5 5 0
0.01257 1.66681 0.000416597 4.99958 0 9.87451e-122 1.47852e-09 5 5 0
0.0126 1.66681 0.000416597 4.99958 0 3.29041e-125 9.85025e-13 5 5 0
0.01263 1.66681 0.000416597 4.99958 0 1.09644e-128 6.56246e-16 5 5 0
0.01266 1.66681 0.000416597 4.99958 0 3.65357e-132 4.37206e-19 5 5 0
0.01269 1.66681 0.000416597 4.99958 0 1.21745e-135 2.91276e-22 5 5 0
0.01272 1.66681 0.000416597 4.99958 0 4.05682e-139 1.94055e-25 5 5 0
0.01275 1.66681 0.000416597 4.99958 0 1.35182e-142 1.29284e-28 5 5 0
0.01278 1.66681 0.000416597 4.99958 0 4.50457e-146 8.61317e-32 5 5 0
0.01281 1.66681 0.000416597 4.99958 0 1.50102e-149 5.73829e-35 5 5 0
0.01284 1.66681 0.000416597 4.99958 0 5.00174e-153 3.82298e-38 5 5 0
0.01287 1.66681 0.000416597 4.99958 0 1.66669e-156 2.54695e-41 5 5 0
0.0129 1.66681 0.000416597 4.99958 0 5.55379e-160 1.69684e-44 5 5 0
0.01293 1.66681 0.000416597 4.99958 0 1.85065e-163 1.13047e-47 5 5 0
0.01296 1.66681 0.000416597 4.99958 0 6.16677e-167 7.53146e-51 5 5 0
0.01299 1.66681 0.000416597 4.99958 0 2.0549e-170 5.01763e-54 5 5 0
0.01302 1.66681 0.000416597 4.99958 0 6.8474e-174 3.34286e-57 0 5 0
0.01305 1.66681 0.000416597 4.99958 0 2.28171e-177 2.22709e-60 0 5 0
0.01308 1.66681 0.000416597 4.99958 0 7.60315e-181 1.48373e-63 0 5 0
0.01311 1.66681 0.000416597 4.99958 0 2.53354e-184 9.88497e-67 0 5 0
0.01314 1.66681 0.000416597 4.99958 0 8.44231e-188 6.58559e-70 0 5 0
0.01317 1.66681 0.000416597 4.99958 0 2.81317e-191 4.38747e-73 0 5 0
0.0132 1.66681 0.000416597 4.99958 0 9.3741e-195 2.92303e-76 0 5 0
0.01323 1.66681 0.000416597 4.99958 0 3.12366e-198 1.94739e-79 0 5 0
0.01326 1.66681 0.000416597 4.99958 0 1.04087e-201 1.29739e-82 0 5 0
0.01329 1.66681 0.000416597 4.99958 0 3.46842e-205 8.64353e-86 0 5 0
0.01332 1.66681 0.000416597 4.99958 0 1.15575e-208 5.75852e-89 0 5 0
0.01335 1.66681 0.000416597 4.99958 0 3.85123e-212 3.83645e-92 0 5 0
0.01338 1.66681 0.000416597 4.99958 0 1.28332e-215 2.55593e-95 0 5 0
0.01341 1.66681 0.000416597 4.99958 0 4.27629e-219 1.70282e-98 0 5 0
0.01344 1.66681 0.000416597 4.99958 0 1.42496e-222 1.13446e-101 0 5 0
0.01347 1.66681 0.000416597 4.99958 0 4.74827e-226 7.558e-105 0 5 0
0.0135 1.66681 0.000416597 4.99958 0 1.58223e-229 5.03531e-108 2.92735e-07 5 0
0.01353 3.33264 4.99792 0.00208215 0 5.27234e-233 4.99667 5 0.00333111 0
0.01356 3.33319 4.99958 0.000417152 0 1.75686e-236 5 5 2.21926e-06 0
0.01359 3.33319 4.99958 0.000416597 0 5.85425e-240 5 5 1.47852e-09 0
0.01362 3.33319 4.99958 0.000416597 0 1.95077e-243 5 5 9.85025e-13 0
0.01365 3.33319 4.99958 0.000416597 0 6.50039e-247 5 5 6.56246e-16 0
0.01368 3.33319 4.99958 0.000416597 0 2.16608e-250 5 5 4.37206e-19 0
0.01371 3.33319 4.99958 0.000416597 0 7.21785e-254 5 5 2.91276e-22 0
0.01374 3.33319 4.99958 0.000416597 0 2.40515e-257 5 5 1.94055e-25 0
0.01377 3.33319 4.99958 0.000416597 0 8.01448e-261 5 5 1.29284e-28 0
0.0138 3.33319 4.99958 0.000416597 0 2.6706e-264 5 5 8.61317e-32 0
0.01383 3.33319 4.99958 0.000416597 0 8.89905e-268 5 5 5.73829e-35 0
0.01386 3.33319 4.99958 0.000416597 0 2.96536e-271 5 5 3.82298e-38 0
0.01389 3.33319 4.99958 0.000416597 0 9.88124e-275 5 5 2.54695e-41 0
0.01392 3.33319 4.99958 0.000416597 0 3.29265e-278 5 5 1.69684e-44 0
0.01395 3.33319 4.99958 0.000416597 0 1.09718e-281 5 5 1.13047e-47 0
0.01398 3.33319 4.99958 0.000416597 0 3.65606e-285 5 5 7.53146e-51 0
0.01401 3.33319 4.99958 0.000416597 0 1.21828e-288 5 0 5.01763e-54 0
0.01404 3.33319 4.99958 0.000416597 0 4.05959e-292 5 0 3.34286e-57 0
0.01407 3.33319 4.99958 0.000416597 0 1.35274e-295 5 0 2.22709e-60 0
0.0141 3.33319 4.99958 0.000416597 0 4.50764e-299 5 0 1.48373e-63 0
0.01413 3.33319 4.99958 0.000416597 0 1.50205e-302 5 0 9.88497e-67 0
0.01416 3.33319 4.99958 0.000416597 0 5.00516e-306 5 0 6.58559e-70 0
0.01419 3.33319 4.99958 0.000416597 0 1.66783e-309 5 0 4.38747e-73 0
0.01422 3.33319 4.99958 0.000416597 0 5.55758e-313 5 0 2.92303e-76 0
0.01425 3.33319 4.99958 0.000416597 0 1.85193e-316 5 0 1.94739e-79 0
0.01428 3.33319 4.99958 0.000416597 0 5.92681e-320 5 0 1.29739e-82 0
0.01431 3.33319 4.99958 0.000416597 0 0 5 0 8.64353e-86 0
0.01434 3.33319 4.99958 0.000416597 0 0 5 0 5.75852e-89 0
0.01437 3.33319 4.99958 0.000416597 0 0 5 0 3.83645e-92 0
0.0144 3.33319 4.99958 0.000416597 0 0 5 0 2.55593e-95 0
0.01443 3.33319 4.99958 0.000416597 0 0 5 0 1.70282e-98 0
0.01446 3.33319 4.99958 0.000416597 0 0 5 0 1.13446e-101 0
0.01449 3.33319 4.99958 0.000416597 0 0 5 0 7.558e-105 0
0.01452 4.99944 5 4.99833 0 4.99833 0.00333111 5 5.03531e-108 0
0.01455 0.00166593 0.00166611 0.00166556 0 0.00166556 4.99667 5 4.99667 0
0.01458 5.55124e-07 5.55185e-07 5.55e-07 0 5.55e-07 5 5 5 0
0.01461 1.8498e-10 1.85e-10 1.84939e-10 0 1.84938e-10 5 5 5 0
0.01464 6.16393e-14 6.16461e-14 6.16256e-14 0 6.16256e-14 5 5 5 0
0.01467 2.05396e-17 2.05419e-17 2.0535e-17 0 2.0535e-17 5 5 5 0
0.0147 6.84425e-21 6.84501e-21 6.84273e-21 0 6.84273e-21 5 5 5 0
0.01473 2.28066e-24 2.28091e-24 2.28015e-24 0 2.28015e-24 5 5 5 0
0.01476 7.59965e-28 7.6005e-28 7.59797e-28 0 7.59797e-28 5 5 5 0
0.01479 2.53237e-31 2.53265e-31 2.53181e-31 0 2.53181e-31 5 5 5 0
0.01482 8.43843e-35 8.43937e-35 8.43656e-35 0 8.43656e-35 5 5 5 0
0.01485 2.81187e-38 2.81219e-38 2.81125e-38 0 2.81125e-38 5 5 5 0
0.01488 9.36979e-42 9.37083e-42 9.36771e-42 0 9.36771e-42 5 5 5 0
0.01491 3.12222e-45 3.12257e-45 3.12153e-45 0 3.12153e-45 5 5 5 0
0.01494 1.04039e-48 1.04051e-48 1.04016e-48 0 1.04016e-48 5 5 5 0
0.01497 3.46682e-52 3.46721e-52 3.46606e-52 0 3.46605e-52 5 5 5 0
0.015 1.15522e-55 1.15535e-55 1.15497e-55 0 1.15497e-55 5 5 5 0
0.01503 3.84946e-59 3.84989e-59 3.84861e-59 0 3.84861e-59 5 0 5 0
0.01506 1.28273e-62 1.28287e-62 1.28244e-62 0 1.28244e-62 5 0 5 0
0.01509 4.27433e-66 4.2748e-66 4.27338e-66 0 4.27338e-66 5 0 5 0
0.01512 1.4243e-69 1.42446e-69 1.42399e-69 0 1.42398e-69 5 0 5 0
0.01515 4.74609e-73 4.74661e-73 4.74504e-73 0 4.74503e-73 5 0 5 0
0.01518 1.5815e-76 1.58168e-76 1.58115e-76 0 1.58115e-76 5 0 5 0
0.01521 5.26992e-80 5.2705e-80 5.26875e-80 0 5.26875e-80 5 0 5 0
0.01524 1.75605e-83 1.75625e-83 1.75567e-83 0 1.75566e-83 5 0 5 0
0.01527 5.85156e-87 5.85221e-87 5.85027e-87 0 5.85026e-87 5 0 5 0
0.0153 1.94987e-90 1.95009e-90 1.94944e-90 0 1.94944e-90 5 0 5 0
0.01533 6.4974e-94 6.49812e-94 6.49597e-94 0 6.49596e-94 5 0 5 0
0.01536 2.16508e-97 2.16532e-97 2.1646e-97 0 2.1646e-97 5 0 5 0
0.01539 7.21453e-101 7.21532e-101 7.21293e-101 0 7.21292e-101 5 0 5 0
0.01542 2.40404e-104 2.40431e-104 2.40351e-104 0 2.40351e-104 5 0 5 0
0.01545 8.0108e-108 8.01168e-108 8.00903e-108 0 8.00902e-108 5 0 5 0
0.01548 2.66938e-111 2.66967e-111 2.66879e-111 0 2.66878e-111 5 0 5 0
0.01551 1.66625 0.00041632 4.99792 0 8.89298e-115 0.00333111 5 5 0
0.01554 1.66681 0.000416597 4.99958 0 2.96334e-118 2.21926e-06 5 5 0
0.01557 1.66681 0.000416597 4.99958 0 9.87451e-122 1.47852e-09 5 5 0
0.0156 1.66681 0.000416597 4.99958 0 3.29041e-125 9.85025e-13 5 5 0
0.01563 1.66681 0.000416597 4.99958 0 1.09644e-128 6.56246e-16 5 5 0
0.01566 1.66681 0.000416597 4.99958 0 3.65357e-132 4.37206e-19 5 5 0
0.01569 1.66681 0.000416597 4.99958 0 1.21745e-135 2.91276e-22 5 5 0
0.01572 1.66681 0.000416597 4.99958 0 4.05682e-139 1.94055e-25 5 5 0
0.01575 1.66681 0.000416597 4.99958 0 1.35182e-142 1.29284e-28 5 5 0
0.01578 1.66681 0.000416597 4.99958 0 4.50457e-146 8.61317e-32 5 5 0
0.01581 1.66681 0.000416597 4.99958 0 1.50102e-149 5.73829e-35 5 5 0
0.01584 1.66681 0.000416597 4.99958 0 5.00174e-153 3.82298e-38 5 5 0
0.01587 1.66681 0.000416597 4.99958 0 1.66669e-156 2.54695e-41 5 5 0
0.0159 1.66681 0.000416597 4.99958 0 5.55379e-160 1.69684e-44 5 5 0
0.01593 1.66681 0.000416597 4.99958 0 1.85065e-163 1.13047e-47 5 5 0
0.01596 1.66681 0.000416597 4.99958 0 6.16677e-167 7.53146e-51 5 5 0
0.01599 1.66681 0.000416597 4.99958 0 2.0549e-170 5.01763e-54 5 5 0
0.01602 1.66681 0.000416597 4.99958 0 6.8474e-174 3.34286e-57 0 5 0
0.01605 1.66681 0.000416597 4.99958 0 2.28171e-177 2.22709e-60 0 5 0
0.01608 1.66681 0.000416597 4.99958 0 7.60315e-181 1.48373e-63 0 5 0
0.01611 1.66681 0.000416597 4.99958 0 2.53354e-184 9.88497e-67 0 5 0
0.01614 1.66681 0.000416597 4.99958 0 8.44231e-188 6.58559e-70 0 5 0
0.01617 1.66681 0.000416597 4.99958 0 2.81317e-191 4.38747e-73 0 5 0
0.0162 1.66681 0.000416597 4.99958 0 9.3741e-195 2.92303e-76 0 5 0
0.01623 1.66681 0.000416597 4.99958 0 3.12366e-198 1.94739e-79 0 5 0
0.01626 1.66681 0.000416597 4.99958 0 1.04087e-201 1.29739e-82 0 5 0
0.01629 1.66681 0.000416597 4.99958 0 3.46842e-205 8.64353e-86 0 5 0
0.01632 1.66681 0.000416597 4.99958 0 1.15575e-208 5.75852e-89 0 5 0
0.01635 1.66681 0.000416597 4.99958 0 3.85123e-212 3.83645e-92 0 5 0
0.01638 1.66681 0.000416597 4.99958 0 1.28332e-215 2.55593e-95 0 5 0
0.01641 1.66681 0.000416597 4.99958 0 4.27629e-219 1.70282e-98 0 5 0
0.01644 1.66681 0.000416597 4.99958 0 1.42496e-222 1.13446e-101 0 5 0
0.01647 1.66681 0.000416597 4.99958 0 4.74827e-226 7.558e-105 0 5 0
0.0165 1.66681 0.000416597 4.99958 0 1.58223e-229 5.03531e-108 2.97071e-07 5 0
0.01653 3.33264 4.99792 0.00208215 0 5.27234e-233 4.99667 5 0.00333111 0
0.01656 3.33319 4.99958 0.000417152 0 1.75686e-236 5 5 2.21926e-06 0
0.01659 3.33319 4.99958 0.000416597 0 5.85425e-240 5 5 1.47852e-09 0
0.01662 3.33319 4.99958 0.000416597 0 1.95077e-243 5 5 9.85025e-13 0
0.01665 3.33319 4.99958 0.000416597 0 6.50039e-247 5 5 6.56246e-16 0
0.01668 3.33319 4.99958 0.000416597 0 2.16608e-250 5 5 4.37206e-19 0
0.01671 3.33319 4.99958 0.000416597 0 7.21785e-254 5 5 2.91276e-22 0
0.01674 3.33319 4.99958 0.000416597 0 2.40515e-257 5 5 1.94055e-25 0
0.01677 3.33319 4.99958 0.000416597 0 8.01448e-261 5 5 1.29284e-28 0
0.0168 3.33319 4.99958 0.000416597 0 2.6706e-264 5 5 8.61317e-32 0
0.01683 3.33319 4.99958 0.000416597 0 8.89905e-268 5 5 5.73829e-35 0
0.01686 3.33319 4.99958 0.000416597 0 2.96536e-271 5 5 3.82298e-38 0
0.01689 3.33319 4.99958 0.000416597 0 9.88124e-275 5 5 2.54695e-41 0
0.01692 3.33319 4.99958 0.000416597 0 3.29265e-278 5 5 1.69684e-44 0
0.01695 3.33319 4.99958 0.000416597 0 1.09718e-281 5 5 1.13047e-47 0
0.01698 3.33319 4.99958 0.000416597 0 3.65606e-285 5 5 7.53146e-51 0
0.01701 3.33319 4.99958 0.000416597 0 1.21828e-288 5 0 5.01763e-54 0
0.01704 3.33319 4.99958 0.000416597 0 4.05959e-292 5 0 3.34286e-57 0
0.01707 3.33319 4.99958 0.000416597 0 1.35274e-295 5 0 2.22709e-60 0
0.0171 3.33319 4.99958 0.000416597 0 4.50764e-299 5 0 1.48373e-63 0
0.01713 3.33319 4.99958 0.000416597 0 1.50205e-302 5 0 9.88497e-67 0
0.01716 3.33319 4.99958 0.000416597 0 5.00516e-306 5 0 6.58559e-70 0
0.01719 3.33319 4.99958 0.000416597 0 1.66783e-309 5 0 4.38747e-73 0
0.01722 3.33319 4.99958 0.000416597 0 5.55758e-313 5 0 2.92303e-76 0
0.01725 3.33319 4.99958 0.000416597 0 1.85193e-316 5 0 1.94739e-79 0
0.01728 3.33319 4.99958 0.000416597 0 5.92681e-320 5 0 1.29739e-82 0
0.01731 3.33319 4.99958 0.000416597 0 0 5 0 8.64353e-86 0
0.01734 3.33319 4.99958 0.000416597 0 0 5 0 5.75852e-89 0
0.01737 3.33319 4.99958 0.000416597 0 0 5 0 3.83645e-92 0
0.0174 3.33319 4.99958 0.000416597 0 0 5 0 2.55593e-95 0
0.01743 3.33319 4.99958 0.000416597 0 0 5 0 1.70282e-98 0
0.01746 3.33319 4.99958 0.000416597 0 0 5 0 1.13446e-101 0
0.01749 3.33319 4.99958 0.000416597 0 0 5 0 7.558e-105 0
0.01752 4.99944 5 4.99833 0 4.99833 0.00333111 5 5.03531e-108 0
0.01755 0.00166593 0.00166611 0.00166556 0 0.00166556 4.99667 5 4.99667 0
0.01758 5.55124e-07 5.55185e-07 5.55e-07 0 5.55e-07 5 5 5 0
0.01761 1.8498e-10 1.85e-10 1.84939e-10 0 1.84938e-10 5 5 5 0
0.01764 6.16393e-14 6.16461e-14 6.16256e-14 0 6.16256e-14 5 5 5 0
0.01767 2.05396e-17 2.05419e-17 2.0535e-17 0 2.0535e-17 5 5 5 0
0.0177 6.84425e-21 6.84501e-21 6.84273e-21 0 6.84273e-21 5 5 5 0
0.01773 2.28066e-24 2.28091e-24 2.28015e-24 0 2.28015e-24 5 5 5 0
0.01776 7.59965e-28 7.6005e-28 7.59797e-28 0 7.59797e-28 5 5 5 0
0.01779 2.53237e-31 2.53265e-31 2.53181e-31 0 2.53181e-31 5 5 5 0
0.01782 8.43843e-35 8.43937e-35 8.43656e-35 0 8.43656e-35 5 5 5 0
0.01785 2.81187e-38 2.81219e-38 2.81125e-38 0 2.81125e-38 5 5 5 0
0.01788 9.36979e-42 9.37083e-42 9.36771e-42 0 9.36771e-42 5 5 5 0
0.01791 3.12222e-45 3.12257e-45 3.12153e-45 0 3.12153e-45 5 5 5 0
0.01794 1.04039e-48 1.04051e-48 1.04016e-48 0 1.04016e-48 5 5 5 0
0.01797 3.46682e-52 3.46721e-52 3.46606e-52 0 3.46605e-52 5 5 5 0
0.018 1.15522e-55 1.15535e-55 1.15497e-55 0 1.15497e-55 5 5 5 0
0.01803 3.84946e-59 3.84989e-59 3.84861e-59 0 3.84861e-59 5 0 5 0
0.01806 1.28273e-62 1.28287e-62 1.28244e-62 0 1.28244e-62 5 0 5 0
0.01809 4.27433e-66 4.2748e-66 4.27338e-66 0 4.27338e-66 5 0 5 0
0.01812 1.4243e-69 1.42446e-69 1.42399e-69 0 1.42398e-69 5 0 5 0
0.01815 4.74609e-73 4.74661e-73 4.74504e-73 0 4.74503e-73 5 0 5 0
0.01818 1.5815e-76 1.58168e-76 1.58115e-76 0 1.58115e-76 5 0 5 0
0.01821 5.26992e-80 5.2705e-80 5.26875e-80 0 5.26875e-80 5 0 5 0
0.01824 1.75605e-83 1.75625e-83 1.75567e-83 0 1.75566e-83 5 0 5 0
0.01827 5.85156e-87 5.85221e-87 5.85027e-87 0 5.85026e-87 5 0 5 0
0.0183 1.94987e-90 1.95009e-90 1.94944e-90 0 1.94944e-90 5 0 5 0
0.01833 6.4974e-94 6.49812e-94 6.49597e-94 0 6.49596e-94 5 0 5 0
0.01836 2.16508e-97 2.16532e-97 2.1646e-97 0 2.1646e-97 5 0 5 0
0.01839 7.21453e-101 7.21532e-101 7.21293e-101 0 7.21292e-101 5 0 5 0
0.01842 2.40404e-104 2.40431e-104 2.40351e-104 0 2.40351e-104 5 0 5 0
0.01845 8.0108e-108 8.01168e-108 8.00903e-108 0 8.00902e-108 5 0 5 0
0.01848 2.66938e-111 2.66967e-111 2.66879e-111 0 2.66878e-111 5 0 5 0
0.01851 1.66625 0.00041632 4.99792 0 8.89298e-115 0.00333111 5 5 0
0.01854 1.66681 0.000416597 4.99958 0 2.96334e-118 2.21926e-06 5 5 0
0.01857 1.66681 0.000416597 4.99958 0 9.87451e-122 1.47852e-09 5 5 0
0.0186 1.66681 0.000416597 4.99958 0 3.29041e-125 9.85025e-13 5 5 0
0.01863 1.66681 0.000416597 4.99958 0 1.09644e-128 6.56246e-16 5 5 0
0.01866 1.66681 0.000416597 4.99958 0 3.65357e-132 4.37206e-19 5 5 0
0.01869 1.66681 0.000416597 4.99958 0 1.21745e-135 2.91276e-22 5 5 0
0.01872 1.66681 0.000416597 4.99958 0 4.05682e-139 1.94055e-25 5 5 0
0.01875 1.66681 0.000416597 4.99958 0 1.35182e-142 1.29284e-28 5 5 0
0.01878 1.66681 0.000416597 4.99958 0 4.50457e-146 8.61317e-32 5 5 0
0.01881 1.66681 0.000416597 4.99958 0 1.50102e-149 5.73829e-35 5 5 0
0.01884 1.66681 0.000416597 4.99958 0 5.00174e-153 3.82298e-38 5 5 0
0.01887 1.66681 0.000416597 4.99958 0 1.66669e-156 2.54695e-41 5 5 0
0.0189 1.66681 0.000416597 4.99958 0 5.55379e-160 1.69684e-44 5 5 0
0.01893 1.66681 0.000416597 4.99958 0 1.85065e-163 1.13047e-47 5 5 0
0.01896 1.66681 0.000416597 4.99958 0 6.16677e-167 7.53146e-51 5 5 0
0.01899 1.66681 0.000416597 4.99958 0 2.0549e-170 5.01763e-54 5 5 0
0.01902 1.66681 0.000416597 4.99958 0 6.8474e-174 3.34286e-57 0 5 0
0.01905 1.66681 0.000416597 4.99958 0 2.28171e-177 2.22709e-60 0 5 0
0.01908 1.66681 0.000416597 4.99958 0 7.60315e-181 1.48373e-63 0 5 0
0.01911 1.66681 0.000416597 4.99958 0 2.53354e-184 9.88497e-67 0 5 0
0.01914 1.66681 0.000416597 4.99958 0 8.44231e-188 6.58559e-70 0 5 0
0.01917 1.66681 0.000416597 4.99958 0 2.81317e-191 4.38747e-73 0 5 0
0.0192 1.66681 0.000416597 4.99958 0 9.3741e-195 2.92303e-76 0 5 0
0.01923 1.66681 0.000416597 4.99958 0 3.12366e-198 1.94739e-79 0 5 0
0.01926 1.66681 0.000416597 4.99958 0 1.04087e-201 1.29739e-82 0 5 0
0.01929 1.66681 0.000416597 4.99958 0 3.46842e-205 8.64353e-86 0 5 0
0.01932 1.66681 0.000416597 4.99958 0 1.15575e-208 5.75852e-89 0 5 0
0.01935 1.66681 0.000416597 4.99958 0 3.85123e-212 3.83645e-92 0 5 0
0.01938 1.66681 0.000416597 4.99958 0 1.28332e-215 2.55593e-95 0 5 0
0.01941 1.66681 0.000416597 4.99958 0 4.27629e-219 1.70282e-98 0 5 0
0.01944 1.66681 0.000416597 4.99958 0 1.42496e-222 1.13446e-101 0 5 0
0.01947 1.66681 0.000416597 4.99958 0 4.74827e-226 7.558e-105 0 5 0
0.0195 1.66681 0.000416597 4.99958 0 1.58223e-229 5.03531e-108 0 5 0
0.01953 3.33264 4.99792 0.00208215 0 5.27234e-233 4.99667 5 0.00333111 0
0.01956 3.33319 4.99958 0.000417152 0 1.75686e-236 5 5 2.21926e-06 0
0.01959 3.33319 4.99958 0.000416597 0 5.85425e-240 5 5 1.47852e-09 0
0.01962 3.33319 4.99958 0.000416597 0 1.95077e-243 5 5 9.85025e-13 0
0.01965 3.33319 4.99958 0.000416597 0 6.50039e-247 5 5 6.56246e-16 0
0.01968 3.33319 4.99958 0.000416597 0 2.16608e-250 5 5 4.37206e-19 0
0.01971 3.33319 4.99958 0.000416597 0 7.21785e-254 5 5 2.91276e-22 0
0.01974 3.33319 4.99958 0.000416597 0 2.40515e-257 5 5 1.94055e-25 0
0.01977 3.33319 4.99958 0.000416597 0 8.01448e-261 5 5 1.29284e-28 0
0.0198 3.33319 4.99958 0.000416597 0 2.6706e-264 5 5 8.61317e-32 0
0.01983 3.33319 4.99958 0.000416597 0 8.89905e-268 5 5 5.73829e-35 0
0.01986 3.33319 4.99958 0.000416597 0 2.96536e-271 5 5 3.82298e-38 0
0.01989 3.33319 4.99958 0.000416597 0 9.88124e-275 5 5 2.54695e-41 0
0.01992 3.33319 4.99958 0.000416597 0 3.29265e-278 5 5 1.69684e-44 0
0.01995 3.33319 4.99958 0.000416597 0 1.09718e-281 5 5 1.13047e-47 0
0.01998 3.33319 4.99958 0.000416597 0 3.65606e-285 5 5 7.53146e-51 0
0.02001 3.33319 4.99958 0.000416597 0 1.21828e-288 5 0 5.01763e-54 0
0.02004 3.33319 4.99958 0.000416597 0 4.05959e-292 5 0 3.34286e-57 0
0.02007 3.33319 4.99958 0.000416597 0 1.35274e-295 5 0 2.22709e-60 0
0.0201 3.33319 4.99958 0.000416597 0 4.50764e-299 5 0 1.48373e-63 0
0.02013 3.33319 4.99958 0.000416597 0 1.50205e-302 5 0 9.88497e-67 0
0.02016 3.33319 4.99958 0.000416597 0 5.00516e-306 5 0 6.58559e-70 0
0.02019 3.33319 4.99958 0.000416597 0 1.66783e-309 5 0 4.38747e-73 0
0.02022 3.33319 4.99958 0.000416597 0 5.55758e-313 5 0 2.92303e-76 0
0.02025 3.33319 4.99958 0.000416597 0 1.85193e-316 5 0 1.94739e-79 0
0.02028 3.33319 4.99958 0.000416597 0 5.92681e-320 5 0 1.29739e-82 0
0.02031 3.33319 4.99958 0.000416597 0 0 5 0 8.64353e-86 0
0.02034 3.33319 4.99958 0.000416597 0 0 5 0 5.75852e-89 0
0.02037 3.33319 4.99958 0.000416597 0 0 5 0 3.83645e-92 0
0.0204 3.33319 4.99958 0.000416597 0 0 5 0 2.55593e-95 0
0.02043 3.33319 4.99958 0.000416597 0 0 5 0 1.70282e-98 0
0.02046 3.33319 4.99958 0.000416597 0 0 5 0 1.13446e-101 0
0.02049 3.33319 4.99958 0.000416597 0 0 5 0 7.558e-105 0
0.02052 4.99944 5 4.99833 0 4.99833 0.00333111 5 5.03531e-108 0
0.02055 0.00166593 0.00166611 0.00166556 0 0.00166556 4.99667 5 4.99667 0
0.02058 5.55124e-07 5.55185e-07 5.55e-07 0 5.55e-07 5 5 5 0
0.02061 1.8498e-10 1.85e-10 1.84939e-10 0 1.84938e-10 5 5 5 0
0.02064 6.16393e-14 6.16461e-14 6.16256e-14 0 6.16256e-14 5 5 5 0
0.02067 2.05396e-17 2.05419e-17 2.0535e-17 0 2.0535e-17 5 5 5 0
0.0207 6.84425e-21 6.84501e-21 6.84273e-21 0 6.84273e-21 5 5 5 0
0.02073 2.28066e-24 2.28091e-24 2.28015e-24 0 2.28015e-24 5 5 5 0
0.02076 7.59965e-28 7.6005e-28 7.59797e-28 0 7.59797e-28 5 5 5 0
0.02079 2.53237e-31 2.53265e-31 2.53181e-31 0 2.53181e-31 5 5 5 0
0.02082 8.43843e-35 8.43937e-35 8.43656e-35 0 8.43656e-35 5 5 5 0
0.02085 2.81187e-38 2.81219e-38 2.81125e-38 0 2.81125e-38 5 5 5 0
0.02088 9.36979e-42 9.37083e-42 9.36771e-42 0 9.36771e-42 5 5 5 0
0.02091 3.12222e-45 3.12257e-45 3.12153e-45 0 3.12153e-45 5 5 5 0
0.02094 1.04039e-48 1.04051e-48 1.04016e-48 0 1.04016e-48 5 5 5 0
0.02097 3.46682e-52 3.46721e-52 3.46606e-52 0 3.46605e-52 5 5 5 0
0.021 1.15522e-55 1.15535e-55 1.15497e-55 0 1.15497e-55 5 5 5 0
0.02103 3.84946e-59 3.84989e-59 3.84861e-59 0 3.84861e-59 5 0 5 0
0.02106 1.28273e-62 1.28287e-62 1.28244e-62 0 1.28244e-62 5 0 5 0
0.02109 4.27433e-66 4.2748e-66 4.27338e-66 0 4.27338e-66 5 0 5 0
0.02112 1.4243e-69 1.42446e-69 1.42399e-69 0 1.42398e-69 5 0 5 0
0.02115 4.74609e-73 4.74661e-73 4.74504e-73 0 4.74503e-73 5 0 5 0
0.02118 1.5815e-76 1.58168e-76 1.58115e-76 0 1.58115e-76 5 0 5 0
0.02121 5.26992e-80 5.2705e-80 5.26875e-80 0 5.26875e-80 5 0 5 0
0.02124 1.75605e-83 1.75625e-83 1.75567e-83 0 1.75566e-83 5 0 5 0
0.02127 5.85156e-87 5.85221e-87 5.85027e-87 0 5.85026e-87 5 0 5 0
0.0213 1.94987e-90 1.95009e-90 1.94944e-90 0 1.94944e-90 5 0 5 0
0.02133 6.4974e-94 6.49812e-94 6.49597e-94 0 6.49596e-94 5 0 5 0
0.02136 2.16508e-97 2.16532e-97 2.1646e-97 0 2.1646e-97 5 0 5 0
0.02139 7.21453e-101 7.21532e-101 7.21293e-101 0 7.21292e-101 5 0 5 0
0.02142 2.40404e-104 2.40431e-104 2.40351e-104 0 2.40351e-104 5 0 5 0
0.02145 8.0108e-108 8.01168e-108 8.00903e-108 0 8.00902e-108 5 0 5 0
0.02148 2.66938e-111 2.66967e-111 2.66879e-111 0 2.66878e-111 5 0 5 0
0.02151 1.66625 0.00041632 4.99792 0 8.89298e-115 0.00333111 5 5 0
0.02154 1.66681 0.000416597 4.99958 0 2.96334e-118 2.21926e-06 5 5 0
0.02157 1.66681 0.000416597 4.99958 0 9.87451e-122 1.47852e-09 5 5 0
0.0216 1.66681 0.000416597 4.99958 0 3.29041e-125 9.85025e-13 5 5 0
0.02163 1.66681 0.000416597 4.99958 0 1.09644e-128 6.56246e-16 5 5 0
0.02166 1.66681 0.000416597 4.99958 0 3.65357e-132 4.37206e-19 5 5 0
0.02169 1.66681 0.000416597 4.99958 0 1.21745e-135 2.91276e-22 5 5 0
0.02172 1.66681 0.000416597 4.99958 0 4.05682e-139 1.94055e-25 5 5 0
0.02175 1.66681 0.000416597 4.99958 0 1.35182e-142 1.29284e-28 5 5 0
0.02178 1.66681 0.000416597 4.99958 0 4.50457e-146 8.61317e-32 5 5 0
0.02181 1.66681 0.000416597 4.99958 0 1.50102e-149 5.73829e-35 5 5 0
0.02184 1.66681 0.000416597 4.99958 0 5.00174e-153 3.82298e-38 5 5 0
0.02187 1.66681 0.000416597 4.99958 0 1.66669e-156 2.54695e-41 5 5 0
0.0219 1.66681 0.000416597 4.99958 0 5.55379e-160 1.69684e-44 5 5 0
0.02193 1.66681 0.000416597 4.99958 0 1.85065e-163 1.13047e-47 5 5 0
0.02196 1.66681 0.000416597 4.99958 0 6.16677e-167 7.53146e-51 5 5 0
0.02199 1.66681 0.000416597 4.99958 0 2.0549e-170 5.01763e-54 5 5 0
0.02202 1.66681 0.000416597 4.99958 0 6.8474e-174 3.34286e-57 0 5 0
0.02205 1.66681 0.000416597 4.99958 0 2.28171e-177 2.22709e-60 0 5 0
0.02208 1.66681 0.000416597 4.99958 0 7.60315e-181 1.48373e-63 0 5 0
0.02211 1.66681 0.000416597 4.99958 0 2.53354e-184 9.88497e-67 0 5 0
0.02214 1.66681 0.000416597 4.99958 0 8.44231e-188 6.58559e-70 0 5 0
0.02217 1.66681 0.000416597 4.99958 0 2.81317e-191 4.38747e-73 0 5 0
0.0222 1.66681 0.000416597 4.99958 0 9.3741e-195 2.92303e-76 0 5 0
0.02223 1.66681 0.000416597 4.99958 0 3.12366e-198 1.94739e-79 0 5 0
0.02226 1.66681 0.000416597 4.99958 0 1.04087e-201 1.29739e-82 0 5 0
0.02229 1.66681 0.000416597 4.99958 0 3.46842e-205 8.64353e-86 0 5 0
0.02232 1.66681 0.000416597 4.99958 0 1.15575e-208 5.75852e-89 0 5 0
0.02235 1.66681 0.000416597 4.99958 0 3.85123e-212 3.83645e-92 0 5 0
0.02238 1.66681 0.000416597 4.99958 0 1.28332e-215 2.55593e-95 0 5 0
0.02241 1.66681 0.000416597 4.99958 0 4.27629e-219 1.70282e-98 0 5 0
0.02244 1.66681 0.000416597 4.99958 0 1.42496e-222 1.13446e-101 0 5 0
0.02247 1.66681 0.000416597 4.99958 0 4.74827e-226 7.558e-105 0 5 0
0.0225 1.66681 0.000416597 4.99958 0 1.58223e-229 5.03531e-108 0 5 0
0.02253 3.33264 4.99792 0.00208215 0 5.27234e-233 4.99667 5 0.00333111 0
0.02256 3.33319 4.99958 0.000417152 0 1.75686e-236 5 5 2.21926e-06 0
0.02259 3.33319 4.99958 0.000416597 0 5.85425e-240 5 5 1.47852e-09 0
0.02262 3.33319 4.99958 0.000416597 0 1.95077e-243 5 5 9.85025e-13 0
0.02265 3.33319 4.99958 0.000416597 0 6.50039e-247 5 5 6.56246e-16 0
0.02268 3.33319 4.99958 0.000416597 0 2.16608e-250 5 5 4.37206e-19 0
0.02271 3.33319 4.99958 0.000416597 0 7.21785e-254 5 5 2.91276e-22 0
0.02274 3.33319 4.99958 0.000416597 0 2.40515e-257 5 5 1.94055e-25 0
0.02277 3.33319 4.99958 0.000416597 0 8.01448e-261 5 5 1.29284e-28 0
0.0228 3.33319 4.99958 0.000416597 0 2.6706e-264 5 5 8.61317e-32 0
0.02283 3.33319 4.99958 0.000416597 0 8.89905e-268 5 5 5.73829e-35 0
0.02286 3.33319 4.99958 0.000416597 0 2.96536e-271 5 5 3.82298e-38 0
0.02289 3.33319 4.99958 0.000416597 0 9.88124e-275 5 5 2.54695e-41 0
0.02292 3.33319 4.99958 0.000416597 0 3.29265e-278 5 5 1.69684e-44 0
0.02295 3.33319 4.99958 0.000416597 0 1.09718e-281 5 5 1.13047e-47 0
0.02298 3.33319 4.99958 0.000416597 0 3.65606e-285 5 5 7.53146e-51 0
0.02301 3.33319 4.99958 0.000416597 0 1.21828e-288 5 0 5.01763e-54 0
0.02304 3.33319 4.99958 0.000416597 0 4.05959e-292 5 0 3.34286e-57 0
0.02307 3.33319 4.99958 0.000416597 0 1.35274e-295 5 0 2.22709e-60 0
0.0231 3.33319 4.99958 0.000416597 0 4.50764e-299 5 0 1.48373e-63 0
0.02313 3.33319 4.99958 0.000416597 0 1.50205e-302 5 0 9.88497e-67 0
0.02316 3.33319 4.99958 0.000416597 0 5.00516e-306 5 0 6.58559e-70 0
0.02319 3.33319 4.99958 0.000416597 0 1.66783e-309 5 0 4.38747e-73 0
0.02322 3.33319 4.99958 0.000416597 0 5.55758e-313 5 0 2.92303e-76 0
0.02325 3.33319 4.99958 0.000416597 0 1.85193e-316 5 0 1.94739e-79 0
0.02328 3.33319 4.99958 0.000416597 0 5.92681e-320 5 0 1.29739e-82 0
0.02331 3.33319 4.99958 0.000416597 0 0 5 0 8.64353e-86 0
0.02334 3.33319 4.99958 0.000416597 0 0 5 0 5.75852e-89 0
0.02337 3.33319 4.99958 0.000416597 0 0 5 0 3.83645e-92 0
0.0234 3.33319 4.99958 0.000416597 0 0 5 0 2.55593e-95 0
0.02343 3.33319 4.99958 0.000416597 0 0 5 0 1.70282e-98 0
0.02346 3.33319 4.99958 0.000416597 0 0 5 0 1.13446e-101 0
0.02349 3.33319 4.99958 0.000416597 0 0 5 0 7.558e-105 0
0.02352 4.99944 5 4.99833 0 4.99833 0.00333111 5 5.03531e-108 0
0.02355 0.00166593 0.00166611 0.00166556 0 0.00166556 4.99667 5 4.99667 0
0.02358 5.55124e-07 5.55185e-07 5.55e-07 0 5.55e-07 5 5 5 0
0.02361 1.8498e-10 1.85e-10 1.84939e-10 0 1.84938e-10 5 5 5 0
0.02364 6.16393e-14 6.16461e-14 6.16256e-14 0 6.16256e-14 5 5 5 0
0.02367 2.05396e-17 2.05419e-17 2.0535e-17 0 2.0535e-17 5 5 5 0
0.0237 6.84425e-21 6.84501e-21 6.84273e-21 0 6.84273e-21 5 5 5 0
0.02373 2.28066e-24 2.28091e-24 2.28015e-24 0 2.28015e-24 5 5 5 0
0.02376 7.59965e-28 7.6005e-28 7.59797e-28 0 7.59797e-28 5 5 5 0
0.02379 2.53237e-31 2.53265e-31 2.53181e-31 0 2.53181e-31 5 5 5 0
0.02382 8.43843e-35 8.43937e-35 8.43656e-35 0 8.43656e-35 5 5 5 0
0.02385 2.81187e-38 2.81219e-38 2.81125e-38 0 2.81125e-38 5 5 5 0
0.02388 9.36979e-42 9.37083e-42 9.36771e-42 0 9.36771e-42 5 5 5 0
0.02391 3.12222e-45 3.12257e-45 3.12153e-45 0 3.12153e-45 5 5 5 0
0.02394 1.04039e-48 1.04051e-48 1.04016e-48 0 1.04016e-48 5 5 5 0
0.02397 3.46682e-52 3.46721e-52 3.46606e-52 0 3.46605e-52 5 5 5 0
0.024 1.15522e-55 1.15535e-55 1.15497e-55 0 1.15497e-55 5 5 5 0
0.02403 3.84946e-59 3.84989e-59 3.84861e-59 0 3.84861e-59 5 0 5 0
0.02406 1.28273e-62 1.28287e-62 1.28244e-62 0 1.28244e-62 5 0 5 0
0.02409 4.27433e-66 4.2748e-66 4.27338e-66 0 4.27338e-66 5 0 5 0
0.02412 1.4243e-69 1.42446e-69 1.42399e-69 0 1.42398e-69 5 0 5 0
0.02415 4.74609e-73 4.74661e-73 4.74504e-73 0 4.74503e-73 5 0 5 0
0.02418 1.5815e-76 1.58168e-76 1.58115e-76 0 1.58115e-76 5 0 5 0
0.02421 5.26992e-80 5.2705e-80 5.26875e-80 0 5.26875e-80 5 0 5 0
0.02424 1.75605e-83 1.75625e-83 1.75567e-83 0 1.75566e-83 5 0 5 0
0.02427 5.85156e-87 5.85221e-87 5.85027e-87 0 5.85026e-87 5 0 5 0
0.0243 1.94987e-90 1.95009e-90 1.94944e-90 0 1.94944e-90 5 0 5 0
0.02433 6.4974e-94 6.49812e-94 6.49597e-94 0 6.49596e-94 5 0 5 0
0.02436 2.16508e-97 2.16532e-97 2.1646e-97 0 2.1646e-97 5 0 5 0
0.02439 7.21453e-101 7.21532e-101 7.21293e-101 0 7.21292e-101 5 0 5 0
0.02442 2.40404e-104 2.40431e-104 2.40351e-104 0 2.40351e-104 5 0 5 0
0.02445 8.0108e-108 8.01168e-108 8.00903e-108 0 8.00902e-108 5 0 5 0
0.02448 2.66938e-111 2.66967e-111 2.66879e-111 0 2.66878e-111 5 0 5 0
0.02451 1.66625 0.00041632 4.99792 0 8.89298e-115 0.00333111 5 5 0
0.02454 1.66681 0.000416597 4.99958 0 2.96334e-118 2.21926e-06 5 5 0
0.02457 1.66681 0.000416597 4.99958 0 9.87451e-122 1.47852e-09 5 5 0
0.0246 1.66681 0.000416597 4.99958 0 3.29041e-125 9.85025e-13 5 5 0
0.02463 1.66681 0.000416597 4.99958 0 1.09644e-128 6.56246e-16 5 5 0
0.02466 1.66681 0.000416597 4.99958 0 3.65357e-132 4.37206e-19 5 5 0
0.02469 1.66681 0.000416597 4.99958 0 1.21745e-135 2.91276e-22 5 5 0
0.02472 1.66681 0.000416597 4.99958 0 4.05682e-139 1.94055e-25 5 5 0
0.02475 1.66681 0.000416597 4.99958 0 1.35182e-142 1.29284e-28 5 5 0
0.02478 1.66681 0.000416597 4.99958 0 4.50457e-146 8.61317e-32 5 5 0
0.02481 1.66681 0.000416597 4.99958 0 1.50102e-149 5.73829e-35 5 5 0
0.02484 1.66681 0.000416597 4.99958 0 5.00174e-153 3.82298e-38 5 5 0
0.02487 1.66681 0.000416597 4.99958 0 1.66669e-156 2.54695e-41 5 5 0
0.0249 1.66681 0.000416597 4.99958 0 5.55379e-160 1.69684e-44 5 5 0
0.02493 1.66681 0.000416597 4.99958 0 1.85065e-163 1.13047e-47 5 5 0
0.02496 1.66681 0.000416597 4.99958 0 6.16677e-167 7.53146e-51 5 5 0
0.02499 1.66681 0.000416597 4.99958 0 2.0549e-170 5.01763e-54 5 5 0
0.02502 1.66681 0.000416597 4.99958 0 6.8474e-174 3.34286e-57 0 5 0
0.02505 1.66681 0.000416597 4.99958 0 2.28171e-177 2.22709e-60 0 5 0
0.02508 1.66681 0.000416597 4.99958 0 7.60315e-181 1.48373e-63 0 5 0
0.02511 1.66681 0.000416597 4.99958 0 2.53354e-184 9.88497e-67 0 5 0
0.02514 1.66681 0.000416597 4.99958 0 8.44231e-188 6.58559e-70 0 5 0
0.02517 1.66681 0.000416597 4.99958 0 2.81317e-191 4.38747e-73 0 5 0
0.0252 1.66681 0.000416597 4.99958 0 9.3741e-195 2.92303e-76 0 5 0
0.02523 1.66681 0.000416597 4.99958 0 3.12366e-198 1.94739e-79 0 5 0
0.02526 1.66681 0.000416597 4.99958 0 1.04087e-201 1.29739e-82 0 5 0
0.02529 1.66681 0.000416597 4.99958 0 3.46842e-205 8.64353e-86 0 5 0
0.02532 1.66681 0.000416597 4.99958 0 1.15575e-208 5.75852e-89 0 5 0
0.02535 1.66681 0.000416597 4.99958 0 3.85123e-212 3.83645e-92 0 5 0
0.02538 1.66681 0.000416597 4.99958 0 1.28332e-215 2.55593e-95 0 5 0
0.02541 1.66681 0.000416597 4.99958 0 4.27629e-219 1.70282e-98 0 5 0
0.02544 1.66681 0.000416597 4.99958 0 1.42496e-222 1.13446e-101 0 5 0
0.02547 1.66681 0.000416597 4.99958 0 4.74827e-226 7.558e-105 0 5 0
0.0255 1.66681 0.000416597 4.99958 0 1.58223e-229 5.03531e-108 0 5 0
0.02553 3.33264 4.99792 0.00208215 0 5.27234e-233 4.99667 5 0.00333111 0
0.02556 3.33319 4.99958 0.000417152 0 1.75686e-236 5 5 2.21926e-06 0
0.02559 3.33319 4.99958 0.000416597 0 5.85425e-240 5 5 1.47852e-09 0
0.02562 3.33319 4.99958 0.000416597 0 1.95077e-243 5 5 9.85025e-13 0
0.02565 3.33319 4.99958 0.000416597 0 6.50039e-247 5 5 6.56246e-16 0
0.02568 3.33319 4.99958 0.000416597 0 2.16608e-250 5 5 4.37206e-19 0
0.02571 3.33319 4.99958 0.000416597 0 7.21785e-254 5 5 2.91276e-22 0
0.02574 3.33319 4.99958 0.000416597 0 2.40515e-257 5 5 1.94055e-25 0
0.02577 3.33319 4.99958 0.000416597 0 8.01448e-261 5 5 1.29284e-28 0
0.0258 3.33319 4.99958 0.000416597 0 2.6706e-264 5 5 8.61317e-32 0
0.02583 3.33319 4.99958 0.000416597 0 8.89905e-268 5 5 5.73829e-35 0
0.02586 3.33319 4.99958 0.000416597 0 2.96536e-271 5 5 3.82298e-38 0
0.02589 3.33319 4.99958 0.000416597 0 9.88124e-275 5 5 2.54695e-41 0
0.02592 3.33319 4.99958 0.000416597 0 3.29265e-278 5 5 1.69684e-44 0
0.02595 3.33319 4.99958 0.000416597 0 1.09718e-281 5 5 1.13047e-47 0
0.02598 3.33319 4.99958 0.000416597 0 3.65606e-285 5 5 7.53146e-51 0
0.02601 3.33319 4.99958 0.000416597 0 1.21828e-288 5 0 5.01763e-54 0
0.02604 3.33319 4.99958 0.000416597 0 4.05959e-292 5 0 3.34286e-57 0
0.02607 3.33319 4.99958 0.000416597 0 1.35274e-295 5 0 2.22709e-60 0
0.0261 3.33319 4.99958 0.000416597 0 4.50764e-299 5 0 1.48373e-63 0
0.02613 3.33319 4.99958 0.000416597 0 1.50205e-302 5 0 9.88497e-67 0
0.02616 3.33319 4.99958 0.000416597 0 5.00516e-306 5 0 6.58559e-70 0
0.02619 3.33319 4.99958 0.000416597 0 1.66783e-309 5 0 4.38747e-73 0
0.02622 3.33319 4.99958 0.000416597 0 5.55758e-313 5 0 2.92303e-76 0
0.02625 3.33319 4.99958 0.000416597 0 1.85193e-316 5 0 1.94739e-79 0
0.02628 3.33319 4.99958 0.000416597 0 5.92681e-320 5 0 1.29739e-82 0
0.02631 3.33319 4.99958 0.000416597 0 0 5 0 8.64353e-86 0
0.02634 3.33319 4.99958 0.000416597 0 0 5 0 5.75852e-89 0
0.02637 3.33319 4.99958 0.000416597 0 0 5 0 3.83645e-92 0
0.0264 3.33319 4.99958 0.000416597 0 0 5 0 2.55593e-95 0
0.02643 3.33319 4.99958 0.000416597 0 0 5 0 1.70282e-98 0
0.02646 3.33319 4.99958 0.000416597 0 0 5 0 1.13446e-101 0
0.02649 3.33319 4.99958 0.000416597 0 0 5 0 7.558e-105 0
0.02652 4.99944 5 4.99833 0 4.99833 0.00333111 5 5.03531e-108 0
0.02655 0.00166593 0.00166611 0.00166556 0 0.00166556 4.99667 5 4.99667 0
0.02658 5.55124e-07 5.55185e-07 5.55e-07 0 5.55e-07 5 5 5 0
0.02661 1.8498e-10 1.85e-10 1.84939e-10 0 1.84938e-10 5 5 5 0
0.02664 6.16393e-14 6.16461e-14 6.16256e-14 0 6.16256e-14 5 5 5 0
0.02667 2.05396e-17 2.05419e-17 2.0535e-17 0 2.0535e-17 5 5 5 0
0.0267 6.84425e-21 6.84501e-21 6.84273e-21 0 6.84273e-21 5 5 5 0
0.02673 2.28066e-24 2.28091e-24 2.28015e-24 0 2.28015e-24 5 5 5 0
0.02676 7.59965e-28 7.6005e-28 7.59797e-28 0 7.59797e-28 5 5 5 0
0.02679 2.53237e-31 2.53265e-31 2.53181e-31 0 2.53181e-31 5 5 5 0
0.02682 8.43843e-35 8.43937e-35 8.43656e-35 0 8.43656e-35 5 5 5 0
0.02685 2.81187e-38 2.81219e-38 2.81125e-38 0 2.81125e-38 5 5 5 0
0.02688 9.36979e-42 9.37083e-42 9.36771e-42 0 9.36771e-42 5 5 5 0
0.02691 3.12222e-45 3.12257e-45 3.12153e-45 0 3.12153e-45 5 5 5 0
0.02694 1.04039e-48 1.04051e-48 1.04016e-48 0 1.04016e-48 5 5 5 0
0.02697 3.46682e-52 3.46721e-52 3.46606e-52 0 3.46605e-52 5 5 5 0
0.027 1.15522e-55 1.15535e-55 1.15497e-55 0 1.15497e-55 5 5 5 0
0.02703 3.84946e-59 3.84989e-59 3.84861e-59 0 3.84861e-59 5 0 5 0
0.02706 1.28273e-62 1.28287e-62 1.28244e-62 0 1.28244e-62 5 0 5 0
0.02709 4.27433e-66 4.2748e-66 4.27338e-66 0 4.27338e-66 5 0 5 0
0.02712 1.4243e-69 1.42446e-69 1.42399e-69 0 1.42398e-69 5 0 5 0
0.02715 4.74609e-73 4.74661e-73 4.74504e-73 0 4.74503e-73 5 0 5 0
0.02718 1.5815e-76 1.58168e-76 1.58115e-76 0 1.58115e-76 5 0 5 0
0.02721 5.26992e-80 5.2705e-80 5.26875e-80 0 5.26875e-80 5 0 5 0
0.02724 1.75605e-83 1.75625e-83 1.75567e-83 0 1.75566e-83 5 0 5 0
0.02727 5.85156e-87 5.85221e-87 5.85027e-87 0 5.85026e-87 5 0 5 0
0.0273 1.94987e-90 1.95009e-90 1.94944e-90 0 1.94944e-90 5 0 5 0
0.02733 6.4974e-94 6.49812e-94 6.49597e-94 0 6.49596e-94 5 0 5 0
0.02736 2.16508e-97 2.16532e-97 2.1646e-97 0 2.1646e-97 5 0 5 0
0.02739 7.21453e-101 7.21532e-101 7.21293e-101 0 7.21292e-101 5 0 5 0
0.02742 2.40404e-104 2.40431e-104 2.40351e-104 0 2.40351e-104 5 0 5 0
0.02745 8.0108e-108 8.01168e-108 8.00903e-108 0 8.00902e-108 5 0 5 0
0.02748 2.66938e-111 2.66967e-111 2.66879e-111 0 2.66878e-111 5 0 5 0
0.02751 1.66625 0.00041632 4.99792 0 8.89298e-115 0.00333111 5 5 0
0.02754 1.66681 0.000416597 4.99958 0 2.96334e-118 2.21926e-06 5 5 0
0.02757 1.66681 0.000416597 4.99958 0 9.87451e-122 1.47852e-09 5 5 0
0.0276 1.66681 0.000416597 4.99958 0 3.29041e-125 9.85025e-13 5 5 0
0.02763 1.66681 0.000416597 4.99958 0 1.09644e-128 6.56246e-16 5 5 0
0.02766 1.66681 0.000416597 4.99958 0 3.65357e-132 4.37206e-19 5 5 0
0.02769 1.66681 0.000416597 4.99958 0 1.21745e-135 2.91276e-22 5 5 0
0.02772 1.66681 0.000416597 4.99958 0 4.05682e-139 1.94055e-25 5 5 0
0.02775 1.66681 0.000416597 4.99958 0 1.35182e-142 1.29284e-28 5 5 0
0.02778 1.66681 0.000416597 4.99958 0 4.50457e-146 8.61317e-32 5 5 0
0.02781 1.66681 0.000416597 4.99958 0 1.50102e-149 5.73829e-35 5 5 0
0.02784 1.66681 0.000416597 4.99958 0 5.00174e-153 3.82298e-38 5 5 0
0.02787 1.66681 0.000416597 4.99958 0 1.66669e-156 2.54695e-41 5 5 0
0.0279 1.66681 0.000416597 4.99958 0 5.55379e-160 1.69684e-44 5 5 0
0.02793 1.66681 0.000416597 4.99958 0 1.85065e-163 1.13047e-47 5 5 0
0.02796 1.66681 0.000416597 4.99958 0 6.16677e-167 7.53146e-51 5 5 0
0.02799 1.66681 0.000416597 4.99958 0 2.0549e-170 5.01763e-54 5 5 0
0.02802 1.66681 0.000416597 4.99958 0 6.8474e-174 3.34286e-57 0 5 0
0.02805 1.66681 0.000416597 4.99958 0 2.28171e-177 2.22709e-60 0 5 0
0.02808 1.66681 0.000416597 4.99958 0 7.60315e-181 1.48373e-63 0 5 0
0.02811 1.66681 0.000416597 4.99958 0 2.53354e-184 9.88497e-67 0 5 0
0.02814 1.66681 0.000416597 4.99958 0 8.44231e-188 6.58559e-70 0 5 0
0.02817 1.66681 0.000416597 4.99958 0 2.81317e-191 4.38747e-73 0 5 0
0.0282 1.66681 0.000416597 4.99958 0 9.3741e-195 2.92303e-76 0 5 0
0.02823 1.66681 0.000416597 4.99958 0 3.12366e-198 1.94739e-79 0 5 0
0.02826 1.66681 0.000416597 4.99958 0 1.04087e-201 1.29739e-82 0 5 0
0.02829 1.66681 0.000416597 4.99958 0 3.46842e-205 8.64353e-86 0 5 0
0.02832 1.66681 0.000416597 4.99958 0 1.15575e-208 5.75852e-89 0 5 0
0.02835 1.66681 0.000416597 4.99958 0 3.85123e-212 3.83645e-92 0 5 0
0.02838 1.66681 0.000416597 4.99958 0 1.28332e-215 2.55593e-95 0 5 0
0.02841 1.66681 0.000416597 4.99958 0 4.27629e-219 1.70282e-98 0 5 0
0.02844 1.66681 0.000416597 4.99958 0 1.42496e-222 1.13446e-101 0 5 0
0.02847 1.66681 0.000416597 4.99958 0 4.74827e-226 7.558e-105 0 5 0
0.0285 1.66681 0.000416597 4.99958 0 1.58223e-229 5.03531e-108 0 5 0
0.02853 3.33264 4.99792 0.00208215 0 5.27234e-233 4.99667 5 0.00333111 0
0.02856 3.33319 4.99958 0.000417152 0 1.75686e-236 5 5 2.21926e-06 0
0.02859 3.33319 4.99958 0.000416597 0 5.85425e-240 5 5 1.47852e-09 0
0.02862 3.33319 4.99958 0.000416597 0 1.95077e-243 5 5 9.85025e-13 0
0.02865 3.33319 4.99958 0.000416597 0 6.50039e-247 5 5 6.56246e-16 0
0.02868 3.33319 4.99958 0.000416597 0 2.16608e-250 5 5 4.37206e-19 0
0.02871 3.33319 4.99958 0.000416597 0 7.21785e-254 5 5 2.91276e-22 0
0.02874 3.33319 4.99958 0.000416597 0 2.40515e-257 5 5 1.94055e-25 0
0.02877 3.33319 4.99958 0.000416597 0 8.01448e-261 5 5 1.29284e-28 0
0.0288 3.33319 4.99958 0.000416597 0 2.6706e-264 5 5 8.61317e-32 0
0.02883 3.33319 4.99958 0.000416597 0 8.89905e-268 5 5 5.73829e-35 0
0.02886 3.33319 4.99958 0.000416597 0 2.96536e-271 5 5 3.82298e-38 0
0.02889 3.33319 4.99958 0.000416597 0 9.88124e-275 5 5 2.54695e-41 0
0.02892 3.33319 4.99958 0.000416597 0 3.29265e-278 5 5 1.69684e-44 0
0.02895 3.33319 4.99958 0.000416597 0 1.09718e-281 5 5 1.13047e-47 0
0.02898 3.33319 4.99958 0.000416597 0 3.65606e-285 5 5 7.53146e-51 0
0.02901 3.33319 4.99958 0.000416597 0 1.21828e-288 5 0 5.01763e-54 0
0.02904 3.33319 4.99958 0.000416597 0 4.05959e-292 5 0 3.34286e-57 0
0.02907 3.33319 4.99958 0.000416597 0 1.35274e-295 5 0 2.22709e-60 0
0.0291 3.33319 4.99958 0.000416597 0 4.50764e-299 5 0 1.48373e-63 0
0.02913 3.33319 4.99958 0.000416597 0 1.50205e-302 5 0 9.88497e-67 0
0.02916 3.33319 4.99958 0.000416597 0 5.00516e-306 5 0 6.58559e-70 0
0.02919 3.33319 4.99958 0.000416597 0 1.66783e-309 5 0 4.38747e-73 0
0.02922 3.33319 4.99958 0.000416597 0 5.55758e-313 5 0 2.92303e-76 0
0.02925 3.33319 4.99958 0.000416597 0 1.85193e-316 5 0 1.94739e-79 0
0.02928 3.33319 4.99958 0.000416597 0 5.92681e-320 5 0 1.29739e-82 0
0.02931 3.33319 4.99958 0.000416597 0 0 5 0 8.64353e-86 0
0.02934 3.33319 4.99958 0.000416597 0 0 5 0 5.75852e-89 0
0.02937 3.33319 4.99958 0.000416597 0 0 5 0 3.83645e-92 0
0.0294 3.33319 4.99958 0.000416597 0 0 5 0 2.55593e-95 0
0.02943 3.33319 4.99958 0.000416597 0 0 5 0 1.70282e-98 0
0.02946 3.33319 4.99958 0.000416597 0 0 5 0 1.13446e-101 0
0.02949 3.33319 4.99958 0.000416597 0 0 5 0 7.558e-105 0
0.02952 4.99944 5 4.99833 0 4.99833 0.00333111 5 5.03531e-108 0
0.02955 0.00166593 0.00166611 0.00166556 0 0.00166556 4.99667 5 4.99667 0
0.02958 5.55124e-07 5.55185e-07 5.55e-07 0 5.55e-07 5 5 5 0
0.02961 1.8498e-10 1.85e-10 1.84939e-10 0 1.84938e-10 5 5 5 0
0.02964 6.16393e-14 6.16461e-14 6.16256e-14 0 6.16256e-14 5 5 5 0
0.02967 2.05396e-17 2.05419e-17 2.0535e-17 0 2.0535e-17 5 5 5 0
0.0297 6.84425e-21 6.84501e-21 6.84273e-21 0 6.84273e-21 5 5 5 0
0.02973 2.28066e-24 2.28091e-24 2.28015e-24 0 2.28015e-24 5 5 5 0
0.02976 7.59965e-28 7.6005e-28 7.59797e-28 0 7.59797e-28 5 5 5 0
0.02979 2.53237e-31 2.53265e-31 2.53181e-31 0 2.53181e-31 5 5 5 0
0.02982 8.43843e-35 8.43937e-35 8.43656e-35 0 8.43656e-35 5 5 5 0
0.02985 2.81187e-38 2.81219e-38 2.81125e-38 0 2.81125e-38 5 5 5 0
0.02988 9.36979e-42 9.37083e-42 9.36771e-42 0 9.36771e-42 5 5 5 0
0.02991 3.12222e-45 3.12257e-45 3.12153e-45 0 3.12153e-45 5 5 5 0
0.02994 1.04039e-48 1.04051e-48 1.04016e-48 0 1.04016e-48 5 5 5 0
0.02997 3.46682e-52 3.46721e-52 3.46606e-52 0 3.46605e-52 5 5 5 0
0.03 1.15522e-55 1.15535e-55 1.15497e-55 0 1.15497e-55 5 5 5 0
